frequency	V(onoise)/1000
1.000000000000000e+00	1.637676865580935e-09
1.023292992280754e+00	1.616930293505918e-09
1.047128548050899e+00	1.596270132358501e-09
1.071519305237606e+00	1.575693517603910e-09
1.096478196143185e+00	1.555197822891806e-09
1.122018454301963e+00	1.534780665038897e-09
1.148153621496882e+00	1.514439918844601e-09
1.174897554939529e+00	1.494173727833320e-09
1.202264434617413e+00	1.473980513330473e-09
1.230268770812381e+00	1.453858984648223e-09
1.258925411794167e+00	1.433808148310654e-09
1.288249551693134e+00	1.413827314334257e-09
1.318256738556407e+00	1.393916103723384e-09
1.348962882591653e+00	1.374074455739651e-09
1.380384264602885e+00	1.354302630351033e-09
1.412537544622754e+00	1.334601212152205e-09
1.445439770745927e+00	1.314971112812088e-09
1.479108388168207e+00	1.295413568659514e-09
1.513561248436208e+00	1.275930143315980e-09
1.548816618912481e+00	1.256522721680614e-09
1.584893192461113e+00	1.237193503776863e-09
1.621810097358929e+00	1.217945002420904e-09
1.659586907437560e+00	1.198780031404844e-09
1.698243652461743e+00	1.179701696485386e-09
1.737800828749374e+00	1.160713382985580e-09
1.778279410038922e+00	1.141818743369728e-09
1.819700858609982e+00	1.123021679451966e-09
1.862087136662866e+00	1.104326328372224e-09
1.905460717963246e+00	1.085737040207733e-09
1.949844599758044e+00	1.067258363811826e-09
1.995262314968878e+00	1.048895019204337e-09
2.041737944669527e+00	1.030651879828221e-09
2.089296130854037e+00	1.012533948202740e-09
2.137962089502230e+00	9.945463302083129e-10
2.187761623949550e+00	9.766942133726451e-10
2.238721138568337e+00	9.589828396091629e-10
2.290867652767770e+00	9.414174805195499e-10
2.344228815319919e+00	9.240034126435210e-10
2.398832919019488e+00	9.067458919934839e-10
2.454708915685027e+00	8.896501297125345e-10
2.511886431509577e+00	8.727212669490080e-10
2.570395782768860e+00	8.559643525464319e-10
2.630267991895378e+00	8.393843202760395e-10
2.691534803926912e+00	8.229859666882167e-10
2.754228703338163e+00	8.067739316952721e-10
2.818382931264450e+00	7.907526796335463e-10
2.884031503126602e+00	7.749264809879417e-10
2.951209226666381e+00	7.592993972014982e-10
3.019951720402012e+00	7.438752661071442e-10
3.090295432513586e+00	7.286576889982795e-10
3.162277660168374e+00	7.136500198175544e-10
3.235936569296277e+00	6.988553559238738e-10
3.311311214825905e+00	6.842765300691241e-10
3.388441561392020e+00	6.699161048856145e-10
3.467368504525310e+00	6.557763681261608e-10
3.548133892335748e+00	6.418593303892929e-10
3.630780547701007e+00	6.281667238732028e-10
3.715352290971718e+00	6.147000023755119e-10
3.801893963205605e+00	6.014603433098082e-10
3.890451449942799e+00	5.884486506808575e-10
3.981071705534965e+00	5.756655590732071e-10
4.073802778041119e+00	5.631114393174301e-10
4.168693834703346e+00	5.507864044697682e-10
4.265795188015918e+00	5.386903173844975e-10
4.365158322401651e+00	5.268227985188298e-10
4.466835921509622e+00	5.151832347749570e-10
4.570881896148741e+00	5.037707888499150e-10
4.677351412871972e+00	4.925844090733266e-10
4.786300923226373e+00	4.816228395436017e-10
4.897788193684452e+00	4.708846308891139e-10
5.011872336272712e+00	4.603681508192785e-10
5.128613839913638e+00	4.500715952718131e-10
5.248074602497715e+00	4.399929992081573e-10
5.370317963702516e+00	4.301302478591640e-10
5.495408738576233e+00	4.204810873450610e-10
5.623413251903478e+00	4.110431358141155e-10
5.754399373371556e+00	4.018138938675420e-10
5.888436553555876e+00	3.927907551232518e-10
6.025595860743564e+00	3.839710163834127e-10
6.165950018614807e+00	3.753518874016100e-10
6.309573444801917e+00	3.669305006241371e-10
6.456542290346539e+00	3.587039202981101e-10
6.606934480075944e+00	3.506691513857291e-10
6.760829753919801e+00	3.428231480479104e-10
6.918309709189348e+00	3.351628217033862e-10
7.079457843841362e+00	3.276850487824861e-10
7.244359600749883e+00	3.203866779523910e-10
7.413102413009157e+00	3.132645370769812e-10
7.585775750291819e+00	3.063154396672911e-10
7.762471166286898e+00	2.995361909718147e-10
7.943282347242794e+00	2.929235936825085e-10
8.128305161640972e+00	2.864744532447390e-10
8.317637711026689e+00	2.801855827787001e-10
8.511380382023743e+00	2.740538076640174e-10
8.709635899560784e+00	2.680759697403698e-10
8.912509381337431e+00	2.622489311717681e-10
9.120108393559072e+00	2.565695779983421e-10
9.332543007969884e+00	2.510348233411316e-10
9.549925860214332e+00	2.456416103413941e-10
9.772372209558078e+00	2.403869147577279e-10
9.999999999999970e+00	2.352677473529124e-10
1.023292992280751e+01	2.302811559724599e-10
1.047128548050896e+01	2.254242273994022e-10
1.071519305237603e+01	2.206940889543790e-10
1.096478196143182e+01	2.160879099128533e-10
1.122018454301960e+01	2.116029026800702e-10
1.148153621496879e+01	2.072363237926419e-10
1.174897554939526e+01	2.029854747484041e-10
1.202264434617409e+01	1.988477026499022e-10
1.230268770812378e+01	1.948204006958447e-10
1.258925411794163e+01	1.909010085522118e-10
1.288249551693130e+01	1.870870125543449e-10
1.318256738556403e+01	1.833759458110608e-10
1.348962882591649e+01	1.797653882047672e-10
1.380384264602880e+01	1.762529662552369e-10
1.412537544622749e+01	1.728363529259311e-10
1.445439770745922e+01	1.695132673230580e-10
1.479108388168202e+01	1.662814743351432e-10
1.513561248436203e+01	1.631387841885208e-10
1.548816618912476e+01	1.600830519504894e-10
1.584893192461108e+01	1.571121769854282e-10
1.621810097358924e+01	1.542241023518618e-10
1.659586907437554e+01	1.514168141652797e-10
1.698243652461738e+01	1.486883409245704e-10
1.737800828749369e+01	1.460367528150256e-10
1.778279410038916e+01	1.434601609762702e-10
1.819700858609976e+01	1.409567167618127e-10
1.862087136662860e+01	1.385246109802567e-10
1.905460717963240e+01	1.361620731239501e-10
1.949844599758038e+01	1.338673705947348e-10
1.995262314968872e+01	1.316388079259909e-10
2.041737944669521e+01	1.294747260042237e-10
2.089296130854031e+01	1.273735012960176e-10
2.137962089502224e+01	1.253335450793518e-10
2.187761623949544e+01	1.233533026872558e-10
2.238721138568331e+01	1.214312527588939e-10
2.290867652767764e+01	1.195659065066108e-10
2.344228815319913e+01	1.177558069963671e-10
2.398832919019481e+01	1.159995284471531e-10
2.454708915685020e+01	1.142956755449854e-10
2.511886431509570e+01	1.126428827788418e-10
2.570395782768853e+01	1.110398137947006e-10
2.630267991895371e+01	1.094851607720075e-10
2.691534803926904e+01	1.079776438187204e-10
2.754228703338154e+01	1.065160103907121e-10
2.818382931264442e+01	1.050990347300587e-10
2.884031503126593e+01	1.037255173267603e-10
2.951209226666373e+01	1.023942844009633e-10
3.019951720402003e+01	1.011041874062231e-10
3.090295432513577e+01	9.985410255369941e-11
3.162277660168365e+01	9.864293035553736e-11
3.235936569296268e+01	9.746959518856268e-11
3.311311214825896e+01	9.633304487528710e-11
3.388441561392010e+01	9.523225028381666e-11
3.467368504525301e+01	9.416620494276294e-11
3.548133892335738e+01	9.313392467326424e-11
3.630780547700997e+01	9.213444723448142e-11
3.715352290971708e+01	9.116683198307773e-11
3.801893963205595e+01	9.023015954480297e-11
3.890451449942788e+01	8.932353149734566e-11
3.981071705534954e+01	8.844607006315133e-11
4.073802778041109e+01	8.759691781122970e-11
4.168693834703335e+01	8.677523736679294e-11
4.265795188015907e+01	8.598021112760557e-11
4.365158322401639e+01	8.521104098617394e-11
4.466835921509610e+01	8.446694805668942e-11
4.570881896148729e+01	8.374717240565217e-11
4.677351412871960e+01	8.305097278568674e-11
4.786300923226361e+01	8.237762637137817e-11
4.897788193684438e+01	8.172642849661219e-11
5.011872336272698e+01	8.109669239272910e-11
5.128613839913623e+01	8.048774892671200e-11
5.248074602497700e+01	7.989894633923349e-11
5.370317963702501e+01	7.932964998174590e-11
5.495408738576219e+01	7.877924205250700e-11
5.623413251903463e+01	7.824712133121475e-11
5.754399373371541e+01	7.773270291179175e-11
5.888436553555861e+01	7.723541793344034e-11
6.025595860743547e+01	7.675471330970741e-11
6.165950018614791e+01	7.629005145549160e-11
6.309573444801901e+01	7.584091001216513e-11
6.456542290346522e+01	7.540678157061145e-11
6.606934480075925e+01	7.498717339256982e-11
6.760829753919782e+01	7.458160713020072e-11
6.918309709189329e+01	7.418961854420130e-11
7.079457843841342e+01	7.381075722063048e-11
7.244359600749863e+01	7.344458628668859e-11
7.413102413009136e+01	7.309068212573111e-11
7.585775750291798e+01	7.274863409181195e-11
7.762471166286876e+01	7.241804422405084e-11
7.943282347242773e+01	7.209852696109924e-11
8.128305161640949e+01	7.178970885610107e-11
8.317637711026666e+01	7.149122829242776e-11
8.511380382023719e+01	7.120273520048373e-11
8.709635899560760e+01	7.092389077597350e-11
8.912509381337408e+01	7.065436719987253e-11
9.120108393559049e+01	7.039384736049349e-11
9.332543007969861e+01	7.014202457786536e-11
9.549925860214309e+01	6.989860233076738e-11
9.772372209558054e+01	6.966329398669379e-11
9.999999999999946e+01	6.943582253497574e-11
1.023292992280749e+02	6.921592032334908e-11
1.047128548050894e+02	6.900332879818302e-11
1.071519305237600e+02	6.879779824857758e-11
1.096478196143179e+02	6.859908755454860e-11
1.122018454301957e+02	6.840696393946649e-11
1.148153621496876e+02	6.822120272692735e-11
1.174897554939523e+02	6.804158710219107e-11
1.202264434617406e+02	6.786790787832975e-11
1.230268770812374e+02	6.769996326720579e-11
1.258925411794160e+02	6.753755865535420e-11
1.288249551693126e+02	6.738050638489103e-11
1.318256738556399e+02	6.722862553947693e-11
1.348962882591645e+02	6.708174173542481e-11
1.380384264602876e+02	6.693968691796228e-11
1.412537544622746e+02	6.680229916270159e-11
1.445439770745919e+02	6.666942248230954e-11
1.479108388168198e+02	6.654090663839585e-11
1.513561248436199e+02	6.641660695860292e-11
1.548816618912472e+02	6.629638415887866e-11
1.584893192461104e+02	6.618010417090646e-11
1.621810097358920e+02	6.606763797464980e-11
1.659586907437551e+02	6.595886143596906e-11
1.698243652461734e+02	6.585365514925007e-11
1.737800828749365e+02	6.575190428498673e-11
1.778279410038912e+02	6.565349844224717e-11
1.819700858609972e+02	6.555833150594634e-11
1.862087136662855e+02	6.546630150884596e-11
1.905460717963235e+02	6.537731049819497e-11
1.949844599758032e+02	6.529126440691688e-11
1.995262314968867e+02	6.520807292924834e-11
2.041737944669516e+02	6.512764940073233e-11
2.089296130854026e+02	6.504991068245466e-11
2.137962089502218e+02	6.497477704942000e-11
2.187761623949538e+02	6.490217208295673e-11
2.238721138568325e+02	6.483202256703004e-11
2.290867652767758e+02	6.476425838835074e-11
2.344228815319906e+02	6.469881244015530e-11
2.398832919019474e+02	6.463562052953085e-11
2.454708915685014e+02	6.457462128816310e-11
2.511886431509563e+02	6.451575608636963e-11
2.570395782768846e+02	6.445896895029003e-11
2.630267991895364e+02	6.440420648209234e-11
2.691534803926897e+02	6.435141778305809e-11
2.754228703338148e+02	6.430055437940063e-11
2.818382931264435e+02	6.425157015066869e-11
2.884031503126586e+02	6.420442126058854e-11
2.951209226666365e+02	6.415906609018293e-11
3.019951720401995e+02	6.411546517301544e-11
3.090295432513569e+02	6.407358113239081e-11
3.162277660168357e+02	6.403337862034889e-11
3.235936569296260e+02	6.399482425827594e-11
3.311311214825888e+02	6.395788657895936e-11
3.388441561392002e+02	6.392253596990294e-11
3.467368504525292e+02	6.388874461771568e-11
3.548133892335729e+02	6.385648645338519e-11
3.630780547700987e+02	6.382573709823291e-11
3.715352290971698e+02	6.379647381035846e-11
3.801893963205584e+02	6.376867543135813e-11
3.890451449942777e+02	6.374232233311203e-11
3.981071705534943e+02	6.371739636442245e-11
4.073802778041097e+02	6.369388079728525e-11
4.168693834703323e+02	6.367176027257070e-11
4.265795188015895e+02	6.365102074489062e-11
4.365158322401627e+02	6.363164942642597e-11
4.466835921509598e+02	6.361363472948419e-11
4.570881896148716e+02	6.359696620756698e-11
4.677351412871947e+02	6.358163449471687e-11
4.786300923226348e+02	6.356763124293057e-11
4.897788193684425e+02	6.355494905741857e-11
5.011872336272685e+02	6.354358142951161e-11
5.128613839913610e+02	6.353352266701339e-11
5.248074602497686e+02	6.352476782182115e-11
5.370317963702487e+02	6.351731261465036e-11
5.495408738576203e+02	6.351115335671393e-11
5.623413251903447e+02	6.350628686823687e-11
5.754399373371524e+02	6.350271039370993e-11
5.888436553555844e+02	6.350042151381918e-11
6.025595860743530e+02	6.349941805401836e-11
6.165950018614773e+02	6.349969798975901e-11
6.309573444801882e+02	6.350125934842809e-11
6.456542290346504e+02	6.350410010809485e-11
6.606934480075907e+02	6.350821809322305e-11
6.760829753919763e+02	6.351361086755382e-11
6.918309709189309e+02	6.352027562443276e-11
7.079457843841321e+02	6.352820907491348e-11
7.244359600749841e+02	6.353740733403550e-11
7.413102413009113e+02	6.354786580574766e-11
7.585775750291774e+02	6.355957906701296e-11
7.762471166286851e+02	6.357254075170730e-11
7.943282347242747e+02	6.358674343498944e-11
8.128305161640923e+02	6.360217851889426e-11
8.317637711026639e+02	6.361883611996096e-11
8.511380382023692e+02	6.363670495977633e-11
8.709635899560732e+02	6.365577225936214e-11
8.912509381337379e+02	6.367602363839142e-11
9.120108393559019e+02	6.369744302024991e-11
9.332543007969830e+02	6.372001254399300e-11
9.549925860214277e+02	6.374371248426370e-11
9.772372209558022e+02	6.376852118023615e-11
9.999999999999912e+02	6.379441497463939e-11
1.023292992280745e+03	6.382136816388654e-11
1.047128548050890e+03	6.384935296028476e-11
1.071519305237597e+03	6.387833946723816e-11
1.096478196143175e+03	6.390829566827188e-11
1.122018454301953e+03	6.393918743060439e-11
1.148153621496872e+03	6.397097852386930e-11
1.174897554939519e+03	6.400363065446061e-11
1.202264434617402e+03	6.403710351581245e-11
1.230268770812370e+03	6.407135485476151e-11
1.258925411794156e+03	6.410634055396424e-11
1.288249551693122e+03	6.414201473014880e-11
1.318256738556395e+03	6.417832984778933e-11
1.348962882591641e+03	6.421523684760092e-11
1.380384264602872e+03	6.425268528904741e-11
1.412537544622741e+03	6.429062350587369e-11
1.445439770745914e+03	6.432899877349412e-11
1.479108388168193e+03	6.436775748689435e-11
1.513561248436194e+03	6.440684534755304e-11
1.548816618912467e+03	6.444620755777122e-11
1.584893192461099e+03	6.448578902066267e-11
1.621810097358915e+03	6.452553454400196e-11
1.659586907437545e+03	6.456538904604582e-11
1.698243652461728e+03	6.460529776143461e-11
1.737800828749359e+03	6.464520644526349e-11
1.778279410038906e+03	6.468506157345622e-11
1.819700858609966e+03	6.472481053762375e-11
1.862087136662849e+03	6.476440183267465e-11
1.905460717963228e+03	6.480378523556572e-11
1.949844599758026e+03	6.484291197369233e-11
1.995262314968860e+03	6.488173488159386e-11
2.041737944669509e+03	6.492020854479697e-11
2.089296130854019e+03	6.495828942981926e-11
2.137962089502211e+03	6.499593599952927e-11
2.187761623949531e+03	6.503310881326529e-11
2.238721138568317e+03	6.506977061130418e-11
2.290867652767750e+03	6.510588638347250e-11
2.344228815319898e+03	6.514142342186914e-11
2.398832919019466e+03	6.517635135786108e-11
2.454708915685005e+03	6.521064218367151e-11
2.511886431509554e+03	6.524427025903199e-11
2.570395782768837e+03	6.527721230351767e-11
2.630267991895354e+03	6.530944737529698e-11
2.691534803926887e+03	6.534095683712823e-11
2.754228703338138e+03	6.537172431052716e-11
2.818382931264424e+03	6.540173561909002e-11
2.884031503126575e+03	6.543097872200359e-11
2.951209226666354e+03	6.545944363880339e-11
3.019951720401984e+03	6.548712236645889e-11
3.090295432513557e+03	6.551400878985634e-11
3.162277660168345e+03	6.554009858673727e-11
3.235936569296248e+03	6.556538912812248e-11
3.311311214825875e+03	6.558987937521085e-11
3.388441561391989e+03	6.561356977369778e-11
3.467368504525279e+03	6.563646214639183e-11
3.548133892335716e+03	6.565855958496583e-11
3.630780547700973e+03	6.567986634158966e-11
3.715352290971684e+03	6.570038772114582e-11
3.801893963205570e+03	6.572012997463953e-11
3.890451449942763e+03	6.573910019435818e-11
3.981071705534928e+03	6.575730621125659e-11
4.073802778041082e+03	6.577475649497910e-11
4.168693834703307e+03	6.579146005687173e-11
4.265795188015879e+03	6.580742635624936e-11
4.365158322401610e+03	6.582266521015970e-11
4.466835921509581e+03	6.583718670679971e-11
4.570881896148699e+03	6.585100112269817e-11
4.677351412871929e+03	6.586411884374002e-11
4.786300923226329e+03	6.587655029005372e-11
4.897788193684407e+03	6.588830584474317e-11
5.011872336272666e+03	6.589939578642431e-11
5.128613839913590e+03	6.590983022548273e-11
5.248074602497666e+03	6.591961904394513e-11
5.370317963702466e+03	6.592877183884988e-11
5.495408738576182e+03	6.593729786895091e-11
5.623413251903426e+03	6.594520600499258e-11
5.754399373371502e+03	6.595250468109814e-11
5.888436553555821e+03	6.595920185275967e-11
6.025595860743507e+03	6.596530495368935e-11
6.165950018614749e+03	6.597082085699300e-11
6.309573444801857e+03	6.597575583820073e-11
6.456542290346478e+03	6.598011554033770e-11
6.606934480075881e+03	6.598390494083018e-11
6.760829753919737e+03	6.598712832004301e-11
6.918309709189281e+03	6.598978923126455e-11
7.079457843841294e+03	6.599189047193132e-11
7.244359600749813e+03	6.599343405591227e-11
7.413102413009085e+03	6.599442118666508e-11
7.585775750291745e+03	6.599485223109002e-11
7.762471166286822e+03	6.599472669390121e-11
7.943282347242717e+03	6.599404319235225e-11
8.128305161640892e+03	6.599279943115791e-11
8.317637711026608e+03	6.599099217744990e-11
8.511380382023659e+03	6.598861723562398e-11
8.709635899560699e+03	6.598566942193347e-11
8.912509381337344e+03	6.598214253869389e-11
9.120108393558983e+03	6.597802934796533e-11
9.332543007969793e+03	6.597332154459656e-11
9.549925860214238e+03	6.596800972849987e-11
9.772372209557981e+03	6.596208337644575e-11
9.999999999999871e+03	6.595553081091943e-11
1.023292992280741e+04	6.594833917180180e-11
1.047128548050886e+04	6.594049438296058e-11
1.071519305237592e+04	6.593198111952444e-11
1.096478196143171e+04	6.592278277340686e-11
1.122018454301949e+04	6.591288141739177e-11
1.148153621496868e+04	6.590225776770549e-11
1.174897554939514e+04	6.589089114499912e-11
1.202264434617397e+04	6.587875943368383e-11
1.230268770812365e+04	6.586583903955482e-11
1.258925411794151e+04	6.585210484603560e-11
1.288249551693117e+04	6.583753016666677e-11
1.318256738556390e+04	6.582208669962644e-11
1.348962882591636e+04	6.580574447646974e-11
1.380384264602866e+04	6.578847181088664e-11
1.412537544622735e+04	6.577023524512989e-11
1.445439770745908e+04	6.575099949448354e-11
1.479108388168187e+04	6.573072739015229e-11
1.513561248436188e+04	6.570937981825259e-11
1.548816618912460e+04	6.568691566073429e-11
1.584893192461092e+04	6.566329173049438e-11
1.621810097358908e+04	6.563846270654648e-11
1.659586907437538e+04	6.561238106696020e-11
1.698243652461721e+04	6.558499702040342e-11
1.737800828749351e+04	6.555625843406159e-11
1.778279410038898e+04	6.552611076380427e-11
1.819700858609958e+04	6.549449697899480e-11
1.862087136662842e+04	6.546135748825525e-11
1.905460717963221e+04	6.542663006170846e-11
1.949844599758018e+04	6.539024975602328e-11
1.995262314968852e+04	6.535214883478382e-11
2.041737944669501e+04	6.531225669054701e-11
2.089296130854010e+04	6.527049976425892e-11
2.137962089502202e+04	6.522680146840274e-11
2.187761623949522e+04	6.518108210697369e-11
2.238721138568308e+04	6.513325879606272e-11
2.290867652767740e+04	6.508324538884082e-11
2.344228815319889e+04	6.503095239856011e-11
2.398832919019456e+04	6.497628692348003e-11
2.454708915684995e+04	6.491915257794759e-11
2.511886431509544e+04	6.485944942086693e-11
2.570395782768826e+04	6.479707389373595e-11
2.630267991895344e+04	6.473191875701322e-11
2.691534803926876e+04	6.466387303741030e-11
2.754228703338126e+04	6.459282197505753e-11
2.818382931264412e+04	6.451864698317127e-11
2.884031503126564e+04	6.444122560936795e-11
2.951209226666342e+04	6.436043151130327e-11
3.019951720401971e+04	6.427613443632799e-11
3.090295432513544e+04	6.418820021537247e-11
3.162277660168332e+04	6.409649076850685e-11
3.235936569296234e+04	6.400086412021075e-11
3.311311214825861e+04	6.390117443240356e-11
3.388441561391974e+04	6.379727205082680e-11
3.467368504525264e+04	6.368900357039422e-11
3.548133892335701e+04	6.357621191533390e-11
3.630780547700958e+04	6.345873644255383e-11
3.715352290971669e+04	6.333641306448964e-11
3.801893963205554e+04	6.320907439503654e-11
3.890451449942747e+04	6.307654991975350e-11
3.981071705534912e+04	6.293866619185326e-11
4.073802778041065e+04	6.279524705584475e-11
4.168693834703290e+04	6.264611389832008e-11
4.265795188015862e+04	6.249108593229222e-11
4.365158322401593e+04	6.232998051015579e-11
4.466835921509562e+04	6.216261346961305e-11
4.570881896148680e+04	6.198879951687755e-11
4.677351412871909e+04	6.180835264020048e-11
4.786300923226309e+04	6.162108656446425e-11
4.897788193684386e+04	6.142681523772871e-11
5.011872336272644e+04	6.122535335804742e-11
5.128613839913568e+04	6.101651693754449e-11
5.248074602497643e+04	6.080012390101425e-11
5.370317963702443e+04	6.057599472436180e-11
5.495408738576159e+04	6.034395310757305e-11
5.623413251903402e+04	6.010382668316664e-11
5.754399373371479e+04	5.985544775656604e-11
5.888436553555797e+04	5.959865408086721e-11
6.025595860743483e+04	5.933328965627205e-11
6.165950018614724e+04	5.905920555978082e-11
6.309573444801832e+04	5.877626079321231e-11
6.456542290346453e+04	5.848432315260151e-11
6.606934480075855e+04	5.818327011015723e-11
6.760829753919710e+04	5.787298970537696e-11
6.918309709189254e+04	5.755338143975841e-11
7.079457843841266e+04	5.722435716771157e-11
7.244359600749785e+04	5.688584198098232e-11
7.413102413009056e+04	5.653777507384919e-11
7.585775750291716e+04	5.618011058776339e-11
7.762471166286792e+04	5.581281842437609e-11
7.943282347242687e+04	5.543588501938354e-11
8.128305161640861e+04	5.504931407246886e-11
8.317637711026576e+04	5.465312722019581e-11
8.511380382023628e+04	5.424736464921272e-11
8.709635899560666e+04	5.383208563897308e-11
8.912509381337311e+04	5.340736902685346e-11
9.120108393558950e+04	5.297331359036299e-11
9.332543007969759e+04	5.253003833799805e-11
9.549925860214204e+04	5.207768270386665e-11
9.772372209557948e+04	5.161640664085935e-11
9.999999999999837e+04	5.114639060747441e-11
1.023292992280737e+05	5.066783544557201e-11
1.047128548050882e+05	5.018096214777773e-11
1.071519305237589e+05	4.968601150879282e-11
1.096478196143167e+05	4.918324366816397e-11
1.122018454301945e+05	4.867293753718987e-11
1.148153621496864e+05	4.815539011861396e-11
1.174897554939510e+05	4.763091571889281e-11
1.202264434617393e+05	4.709984505978451e-11
1.230268770812361e+05	4.656252429379978e-11
1.258925411794146e+05	4.601931393044925e-11
1.288249551693113e+05	4.547058768208110e-11
1.318256738556385e+05	4.491673123655949e-11
1.348962882591631e+05	4.435814096730494e-11
1.380384264602862e+05	4.379522259054538e-11
1.412537544622731e+05	4.322838977975927e-11
1.445439770745904e+05	4.265806274885508e-11
1.479108388168183e+05	4.208466681510372e-11
1.513561248436183e+05	4.150863095240138e-11
1.548816618912456e+05	4.093038634643882e-11
1.584893192461087e+05	4.035036496243064e-11
1.621810097358903e+05	3.976899813537255e-11
1.659586907437533e+05	3.918671519309784e-11
1.698243652461716e+05	3.860394212115423e-11
1.737800828749346e+05	3.802110027798136e-11
1.778279410038893e+05	3.743860516809556e-11
1.819700858609953e+05	3.685686528010936e-11
1.862087136662836e+05	3.627628099524342e-11
1.905460717963215e+05	3.569724357192051e-11
1.949844599758012e+05	3.512013420954200e-11
1.995262314968846e+05	3.454532319517451e-11
2.041737944669495e+05	3.397316913492933e-11
2.089296130854004e+05	3.340401827137456e-11
2.137962089502196e+05	3.283820388718927e-11
2.187761623949515e+05	3.227604579469590e-11
2.238721138568301e+05	3.171784990996175e-11
2.290867652767734e+05	3.116390790965460e-11
2.344228815319882e+05	3.061449696806034e-11
2.398832919019449e+05	3.006987957125541e-11
2.454708915684988e+05	2.953030340496710e-11
2.511886431509537e+05	2.899600131225673e-11
2.570395782768819e+05	2.846719131658232e-11
2.630267991895336e+05	2.794407670627711e-11
2.691534803926869e+05	2.742684617555545e-11
2.754228703338119e+05	2.691567401716019e-11
2.818382931264405e+05	2.641072036249856e-11
2.884031503126556e+05	2.591213146391478e-11
2.951209226666334e+05	2.542004001490243e-11
3.019951720401964e+05	2.493456550345001e-11
3.090295432513537e+05	2.445581459383287e-11
3.162277660168324e+05	2.398388153329985e-11
3.235936569296226e+05	2.351884857907636e-11
3.311311214825853e+05	2.306078644131251e-11
3.388441561391967e+05	2.260975473989681e-11
3.467368504525256e+05	2.216580246967973e-11
3.548133892335693e+05	2.172896847288678e-11
3.630780547700950e+05	2.129928191427156e-11
3.715352290971660e+05	2.087676275763477e-11
3.801893963205545e+05	2.046142224001100e-11
3.890451449942738e+05	2.005326334240659e-11
3.981071705534903e+05	1.965228125476632e-11
4.073802778041056e+05	1.925846383305451e-11
4.168693834703281e+05	1.887179204783719e-11
4.265795188015852e+05	1.849224042178512e-11
4.365158322401583e+05	1.811977745663722e-11
4.466835921509552e+05	1.775436604702980e-11
4.570881896148669e+05	1.739596388125057e-11
4.677351412871899e+05	1.704452382876381e-11
4.786300923226299e+05	1.669999431273218e-11
4.897788193684375e+05	1.636231966840945e-11
5.011872336272634e+05	1.603144048659648e-11
5.128613839913558e+05	1.570729394185987e-11
5.248074602497633e+05	1.538981410609970e-11
5.370317963702432e+05	1.507893224678206e-11
5.495408738576148e+05	1.477457711067483e-11
5.623413251903391e+05	1.447667519274938e-11
5.754399373371467e+05	1.418515099025099e-11
5.888436553555785e+05	1.389992724355093e-11
6.025595860743470e+05	1.362092516221713e-11
6.165950018614712e+05	1.334806463808352e-11
6.309573444801820e+05	1.308126444544029e-11
6.456542290346441e+05	1.282044242803267e-11
6.606934480075843e+05	1.256551567418536e-11
6.760829753919698e+05	1.231640068009707e-11
6.918309709189242e+05	1.207301350186677e-11
7.079457843841253e+05	1.183526989595819e-11
7.244359600749771e+05	1.160308545075183e-11
7.413102413009043e+05	1.137637570613192e-11
7.585775750291703e+05	1.115505626536483e-11
7.762471166286779e+05	1.093904289677016e-11
7.943282347242674e+05	1.072825162718945e-11
8.128305161640848e+05	1.052259882750821e-11
8.317637711026561e+05	1.032200128987112e-11
8.511380382023612e+05	1.012637629824318e-11
8.709635899560649e+05	9.935641691510905e-12
8.912509381337294e+05	9.749715920537639e-12
9.120108393558932e+05	9.568518098902771e-12
9.332543007969741e+05	9.391968048045648e-12
9.549925860214186e+05	9.219986337172439e-12
9.772372209557928e+05	9.052494317863814e-12
1.000000000000000e+06	8.889414154612886e-12
