time	V(out)	V(n003)
0.000000000000000e+00	1.501499999981962e-11	0.000000000000000e+00
4.882812470324849e-12	3.827065426763369e-12	0.000000000000000e+00
9.765624940649698e-12	1.466308550346473e-13	0.000000000000000e+00
1.953124988129940e-11	2.932617132748237e-13	0.000000000000000e+00
3.906249976259879e-11	5.865234302258283e-13	0.000000000000000e+00
7.812499952519758e-11	1.173046864159650e-12	0.000000000000000e+00
1.562499990503952e-10	2.346093732015302e-12	0.000000000000000e+00
3.124999981007903e-10	4.692187467731439e-12	0.000000000000000e+00
6.249999962015806e-10	9.384374939159919e-12	0.000000000000000e+00
1.249999992403161e-09	1.876874988201254e-11	0.000000000000000e+00
2.499999984806323e-09	3.753749976769520e-11	0.000000000000000e+00
4.999999969612645e-09	7.507499953897272e-11	0.000000000000000e+00
9.999999939225290e-09	1.501499990811754e-10	0.000000000000000e+00
1.999999987845058e-08	3.002999981641718e-10	0.000000000000000e+00
3.999999975690116e-08	6.005999963245284e-10	0.000000000000000e+00
7.999999951380232e-08	1.201199992622696e-09	0.000000000000000e+00
1.599999990276046e-07	2.402399985128852e-09	0.000000000000000e+00
3.199999980552093e-07	4.804799969780443e-09	0.000000000000000e+00
6.399999961104186e-07	9.609599937823171e-09	0.000000000000000e+00
1.128281246110419e-06	1.694114289969510e-08	0.000000000000000e+00
1.616562496110419e-06	2.427268585829234e-08	0.000000000000000e+00
2.104843746110419e-06	3.160422881330613e-08	0.000000000000000e+00
2.593124996110419e-06	3.893577176473649e-08	0.000000000000000e+00
3.081406246110419e-06	4.626731471258341e-08	0.000000000000000e+00
3.569687496110419e-06	5.359885765684689e-08	0.000000000000000e+00
4.057968746110418e-06	6.093040059752692e-08	0.000000000000000e+00
4.546249996110419e-06	6.826194353462354e-08	0.000000000000000e+00
5.034531246110419e-06	7.559348646813671e-08	0.000000000000000e+00
5.522812496110420e-06	8.292502939806648e-08	0.000000000000000e+00
6.011093746110420e-06	9.025657232441277e-08	0.000000000000000e+00
6.499374996110420e-06	9.758811524717566e-08	0.000000000000000e+00
6.987656246110421e-06	1.049196581663551e-07	0.000000000000000e+00
7.475937496110421e-06	1.122512010819511e-07	0.000000000000000e+00
7.964218746110422e-06	1.195827439939636e-07	0.000000000000000e+00
8.452499996110422e-06	1.269142869023927e-07	0.000000000000000e+00
8.940781246110423e-06	1.342458298072384e-07	0.000000000000000e+00
9.429062496110423e-06	1.415773727085006e-07	0.000000000000000e+00
9.917343746110423e-06	1.489089156061794e-07	0.000000000000000e+00
1.040562499611042e-05	1.562404585002748e-07	0.000000000000000e+00
1.089390624611042e-05	1.635720013907867e-07	0.000000000000000e+00
1.138218749611042e-05	1.709035442777152e-07	0.000000000000000e+00
1.187046874611043e-05	1.782350871610602e-07	0.000000000000000e+00
1.235874999611043e-05	1.855666300408219e-07	0.000000000000000e+00
1.284703124611043e-05	1.928981729170001e-07	0.000000000000000e+00
1.333531249611043e-05	2.002297157895948e-07	0.000000000000000e+00
1.382359374611043e-05	2.075612586586062e-07	0.000000000000000e+00
1.431187499611043e-05	2.148928015240341e-07	0.000000000000000e+00
1.480015624611043e-05	2.222243443858786e-07	0.000000000000000e+00
1.528843749611043e-05	2.295558872441395e-07	0.000000000000000e+00
1.577671874611043e-05	2.368874300988171e-07	0.000000000000000e+00
1.626499999611043e-05	2.442189729499113e-07	0.000000000000000e+00
1.675328124611043e-05	2.515505157974221e-07	0.000000000000000e+00
1.724156249611043e-05	2.588820586413494e-07	0.000000000000000e+00
1.772984374611043e-05	2.662136014816933e-07	0.000000000000000e+00
1.821812499611043e-05	2.735451443184537e-07	0.000000000000000e+00
1.870640624611043e-05	2.808766871516306e-07	0.000000000000000e+00
1.919468749611043e-05	2.882082299812242e-07	0.000000000000000e+00
1.968296874611043e-05	2.955397728072342e-07	0.000000000000000e+00
2.017124999611043e-05	3.028713156296610e-07	0.000000000000000e+00
2.065953124611043e-05	3.102028584485042e-07	0.000000000000000e+00
2.114781249611043e-05	3.175344012637639e-07	0.000000000000000e+00
2.163609374611043e-05	3.248659440754403e-07	0.000000000000000e+00
2.212437499611043e-05	3.321974868835331e-07	0.000000000000000e+00
2.261265624611043e-05	3.395290296880426e-07	0.000000000000000e+00
2.310093749611044e-05	3.468605724889685e-07	0.000000000000000e+00
2.358921874611044e-05	3.541921152863110e-07	0.000000000000000e+00
2.407749999611044e-05	3.615236580800701e-07	0.000000000000000e+00
2.456578124611044e-05	3.688552008702458e-07	0.000000000000000e+00
2.505406249611044e-05	3.761867436568381e-07	0.000000000000000e+00
2.554234374611044e-05	3.835182864398469e-07	0.000000000000000e+00
2.603062499611044e-05	3.908498292192724e-07	0.000000000000000e+00
2.651890624611044e-05	3.981813719951144e-07	0.000000000000000e+00
2.700718749611044e-05	4.055129147673730e-07	0.000000000000000e+00
2.749546874611044e-05	4.128444575360481e-07	0.000000000000000e+00
2.798374999611044e-05	4.201760003011398e-07	0.000000000000000e+00
2.847203124611044e-05	4.275075430626480e-07	0.000000000000000e+00
2.896031249611044e-05	4.348390858205727e-07	0.000000000000000e+00
2.944859374611044e-05	4.421706285749141e-07	0.000000000000000e+00
2.993687499611044e-05	4.495021713256720e-07	0.000000000000000e+00
3.042515624611044e-05	4.568337140728464e-07	0.000000000000000e+00
3.091343749611044e-05	4.641652568164374e-07	0.000000000000000e+00
3.140171874611044e-05	4.714967995564452e-07	0.000000000000000e+00
3.188999999611044e-05	4.788283422928695e-07	0.000000000000000e+00
3.237828124611044e-05	4.861598850257102e-07	0.000000000000000e+00
3.286656249611044e-05	4.934914277549674e-07	0.000000000000000e+00
3.335484374611044e-05	5.008229704806415e-07	0.000000000000000e+00
3.384312499611044e-05	5.081545132027320e-07	0.000000000000000e+00
3.433140624611044e-05	5.154860559212389e-07	0.000000000000000e+00
3.481968749611044e-05	5.228175986361626e-07	0.000000000000000e+00
3.530796874611044e-05	5.301491413475024e-07	0.000000000000000e+00
3.579624999611044e-05	5.374806840552589e-07	0.000000000000000e+00
3.628453124611044e-05	5.448122267594321e-07	0.000000000000000e+00
3.677281249611044e-05	5.521437694600217e-07	0.000000000000000e+00
3.726109374611044e-05	5.594753121570283e-07	0.000000000000000e+00
3.774937499611044e-05	5.668068548504515e-07	0.000000000000000e+00
3.823765624611045e-05	5.741383975402911e-07	0.000000000000000e+00
3.872593749611045e-05	5.814699402265471e-07	0.000000000000000e+00
3.921421874611045e-05	5.888014829092195e-07	0.000000000000000e+00
3.970249999611045e-05	5.961330255883087e-07	0.000000000000000e+00
4.019078124611045e-05	6.034645682638143e-07	0.000000000000000e+00
4.067906249611045e-05	6.107961109357366e-07	0.000000000000000e+00
4.116734374611045e-05	6.181276536040755e-07	0.000000000000000e+00
4.165562499611045e-05	6.254591962688310e-07	0.000000000000000e+00
4.214390624611045e-05	6.327907389300030e-07	0.000000000000000e+00
4.263218749611045e-05	6.401222815875916e-07	0.000000000000000e+00
4.312046874611045e-05	6.474538242415967e-07	0.000000000000000e+00
4.360874999611045e-05	6.547853668920184e-07	0.000000000000000e+00
4.409703124611045e-05	6.621169095388566e-07	0.000000000000000e+00
4.458531249611045e-05	6.694484521821116e-07	0.000000000000000e+00
4.507359374611045e-05	6.767799948217826e-07	0.000000000000000e+00
4.556187499611045e-05	6.841115374578704e-07	0.000000000000000e+00
4.605015624611045e-05	6.914430800903749e-07	0.000000000000000e+00
4.653843749611045e-05	6.987746227192960e-07	0.000000000000000e+00
4.702671874611045e-05	7.061061653446336e-07	0.000000000000000e+00
4.751499999611045e-05	7.134377079663877e-07	0.000000000000000e+00
4.800328124611045e-05	7.207692505845585e-07	0.000000000000000e+00
4.849156249611045e-05	7.281007931991458e-07	0.000000000000000e+00
4.897984374611045e-05	7.354323358101495e-07	0.000000000000000e+00
4.946812499611046e-05	7.427638784175698e-07	0.000000000000000e+00
4.995640624611046e-05	7.500954210214069e-07	0.000000000000000e+00
5.044468749611046e-05	7.574269636216605e-07	0.000000000000000e+00
5.093296874611046e-05	7.647585062183306e-07	0.000000000000000e+00
5.142124999611046e-05	7.720900488114173e-07	0.000000000000000e+00
5.190953124611046e-05	7.794215914009206e-07	0.000000000000000e+00
5.239781249611046e-05	7.867531339868402e-07	0.000000000000000e+00
5.288609374611046e-05	7.940846765691765e-07	0.000000000000000e+00
5.337437499611046e-05	8.014162191479296e-07	0.000000000000000e+00
5.386265624611046e-05	8.087477617230990e-07	0.000000000000000e+00
5.435093749611046e-05	8.160793042946853e-07	0.000000000000000e+00
5.483921874611046e-05	8.234108468626879e-07	0.000000000000000e+00
5.532749999611046e-05	8.307423894271071e-07	0.000000000000000e+00
5.581578124611046e-05	8.380739319879428e-07	0.000000000000000e+00
5.630406249611046e-05	8.454054745451949e-07	0.000000000000000e+00
5.679234374611046e-05	8.527370170988636e-07	0.000000000000000e+00
5.728062499611046e-05	8.600685596489489e-07	0.000000000000000e+00
5.776890624611046e-05	8.674001021954509e-07	0.000000000000000e+00
5.825718749611046e-05	8.747316447383695e-07	0.000000000000000e+00
5.874546874611046e-05	8.820631872777047e-07	0.000000000000000e+00
5.923374999611046e-05	8.893947298134567e-07	0.000000000000000e+00
5.972203124611046e-05	8.967262723456248e-07	0.000000000000000e+00
6.021031249611046e-05	9.040578148742097e-07	0.000000000000000e+00
6.069859374611047e-05	9.113893573992111e-07	0.000000000000000e+00
6.118687499611046e-05	9.187208999206291e-07	0.000000000000000e+00
6.167515624611046e-05	9.260524424384636e-07	0.000000000000000e+00
6.216343749611046e-05	9.333839849527148e-07	0.000000000000000e+00
6.265171874611046e-05	9.407155274633824e-07	0.000000000000000e+00
6.313999999611046e-05	9.480470699704666e-07	0.000000000000000e+00
6.362828124611046e-05	9.553786124739676e-07	0.000000000000000e+00
6.411656249611046e-05	9.627101549738849e-07	0.000000000000000e+00
6.460484374611046e-05	9.700416974702189e-07	0.000000000000000e+00
6.509312499611046e-05	9.773732399629697e-07	0.000000000000000e+00
6.558140624611046e-05	9.847047824521367e-07	0.000000000000000e+00
6.606968749611046e-05	9.920363249377204e-07	0.000000000000000e+00
6.655796874611046e-05	9.993678674197206e-07	0.000000000000000e+00
6.704624999611046e-05	1.006699409898138e-06	0.000000000000000e+00
6.753453124611046e-05	1.014030952372971e-06	0.000000000000000e+00
6.802281249611046e-05	1.021362494844221e-06	0.000000000000000e+00
6.851109374611047e-05	1.028694037311887e-06	0.000000000000000e+00
6.899937499611047e-05	1.036025579775970e-06	0.000000000000000e+00
6.948765624611047e-05	1.043357122236470e-06	0.000000000000000e+00
6.997593749611047e-05	1.050688664693386e-06	0.000000000000000e+00
7.046421874611047e-05	1.058020207146719e-06	0.000000000000000e+00
7.095249999611047e-05	1.065351749596468e-06	0.000000000000000e+00
7.144078124611047e-05	1.072683292042633e-06	0.000000000000000e+00
7.192906249611047e-05	1.080014834485215e-06	0.000000000000000e+00
7.241734374611047e-05	1.087346376924214e-06	0.000000000000000e+00
7.290562499611047e-05	1.094677919359630e-06	0.000000000000000e+00
7.339390624611047e-05	1.102009461791462e-06	0.000000000000000e+00
7.388218749611047e-05	1.109341004219711e-06	0.000000000000000e+00
7.437046874611047e-05	1.116672546644376e-06	0.000000000000000e+00
7.485874999611047e-05	1.124004089065458e-06	0.000000000000000e+00
7.534703124611047e-05	1.131335631482956e-06	0.000000000000000e+00
7.583531249611047e-05	1.138667173896870e-06	0.000000000000000e+00
7.632359374611047e-05	1.145998716307202e-06	0.000000000000000e+00
7.681187499611047e-05	1.153330258713949e-06	0.000000000000000e+00
7.730015624611047e-05	1.160661801117114e-06	0.000000000000000e+00
7.778843749611047e-05	1.167993343516695e-06	0.000000000000000e+00
7.827671874611047e-05	1.175324885912692e-06	0.000000000000000e+00
7.876499999611047e-05	1.182656428305107e-06	0.000000000000000e+00
7.925328124611047e-05	1.189987970693937e-06	0.000000000000000e+00
7.974156249611048e-05	1.197319513079185e-06	0.000000000000000e+00
8.022984374611048e-05	1.204651055460848e-06	0.000000000000000e+00
8.071812499611048e-05	1.211982597838929e-06	0.000000000000000e+00
8.120640624611048e-05	1.219314140213426e-06	0.000000000000000e+00
8.169468749611048e-05	1.226645682584339e-06	0.000000000000000e+00
8.218296874611048e-05	1.233977224951670e-06	0.000000000000000e+00
8.267124999611048e-05	1.241308767315416e-06	0.000000000000000e+00
8.315953124611048e-05	1.248640309675580e-06	0.000000000000000e+00
8.364781249611048e-05	1.255971852032159e-06	0.000000000000000e+00
8.413609374611048e-05	1.263303394385156e-06	0.000000000000000e+00
8.462437499611048e-05	1.270634936734569e-06	0.000000000000000e+00
8.511265624611048e-05	1.277966479080398e-06	0.000000000000000e+00
8.560093749611048e-05	1.285298021422644e-06	0.000000000000000e+00
8.608921874611048e-05	1.292629563761307e-06	0.000000000000000e+00
8.657749999611048e-05	1.299961106096387e-06	0.000000000000000e+00
8.706578124611048e-05	1.307292648427883e-06	0.000000000000000e+00
8.755406249611048e-05	1.314624190755795e-06	0.000000000000000e+00
8.804234374611048e-05	1.321955733080124e-06	0.000000000000000e+00
8.853062499611048e-05	1.329287275400870e-06	0.000000000000000e+00
8.901890624611048e-05	1.336618817718032e-06	0.000000000000000e+00
8.950718749611048e-05	1.343950360031610e-06	0.000000000000000e+00
8.999546874611048e-05	1.351281902341605e-06	0.000000000000000e+00
9.048374999611048e-05	1.358613444648016e-06	0.000000000000000e+00
9.097203124611049e-05	1.365944986950844e-06	0.000000000000000e+00
9.146031249611049e-05	1.373276529250089e-06	0.000000000000000e+00
9.194859374611049e-05	1.380608071545750e-06	0.000000000000000e+00
9.243687499611049e-05	1.387939613837829e-06	0.000000000000000e+00
9.292515624611049e-05	1.395271156126323e-06	0.000000000000000e+00
9.341343749611049e-05	1.402602698411234e-06	0.000000000000000e+00
9.390171874611049e-05	1.409934240692562e-06	0.000000000000000e+00
9.438999999611049e-05	1.417265782970306e-06	0.000000000000000e+00
9.487828124611049e-05	1.424597325244467e-06	0.000000000000000e+00
9.536656249611049e-05	1.431928867515045e-06	0.000000000000000e+00
9.585484374611049e-05	1.439260409782039e-06	0.000000000000000e+00
9.634312499611049e-05	1.446591952045450e-06	0.000000000000000e+00
9.683140624611049e-05	1.453923494305277e-06	0.000000000000000e+00
9.731968749611049e-05	1.461255036561521e-06	0.000000000000000e+00
9.780796874611049e-05	1.468586578814181e-06	0.000000000000000e+00
9.829624999611049e-05	1.475918121063258e-06	0.000000000000000e+00
9.878453124611049e-05	1.483249663308751e-06	0.000000000000000e+00
9.927281249611049e-05	1.490581205551118e-06	0.000000000000000e+00
9.951171874999999e-05	1.494168382596764e-06	0.000000000000000e+00
9.952218749222099e-05	1.494325570745560e-06	0.000000000000000e+00
9.954312497666300e-05	1.494639947043129e-06	0.000000000000000e+00
9.958499994554702e-05	1.495268699638242e-06	0.000000000000000e+00
9.966874988331505e-05	1.496526204828370e-06	0.000000000000000e+00
9.983624975885112e-05	1.499041215208439e-06	0.000000000000000e+00
9.983724975885112e-05	1.499056230206939e-06	0.000000000000000e+00
9.983924975885112e-05	1.499086260203937e-06	0.000000000000000e+00
9.984324975885112e-05	1.499146320197933e-06	0.000000000000000e+00
9.985124975885112e-05	1.499266440185925e-06	0.000000000000000e+00
9.986724975885112e-05	1.499506680161907e-06	0.000000000000000e+00
9.989924975885112e-05	1.499987160113859e-06	0.000000000000000e+00
9.993599999999999e-05	1.500538964929517e-06	0.000000000000000e+00
9.993699999999999e-05	1.500553979928015e-06	0.000000000000000e+00
9.993899999999999e-05	1.500584009925011e-06	0.000000000000000e+00
9.994299999999999e-05	1.500644069919003e-06	0.000000000000000e+00
9.995099999999999e-05	1.500764189906983e-06	0.000000000000000e+00
9.996699999999999e-05	1.501004429882942e-06	0.000000000000000e+00
9.996799999999999e-05	1.501019444881439e-06	0.000000000000000e+00
9.996999999999999e-05	1.501049474878434e-06	0.000000000000000e+00
9.997400000000000e-05	1.501109534872424e-06	0.000000000000000e+00
9.998200000000002e-05	1.501229654860403e-06	0.000000000000000e+00
9.998399999999996e-05	1.501259684857396e-06	0.000000000000000e+00
9.998799999999983e-05	1.501319744851382e-06	0.000000000000000e+00
9.999200000000024e-05	1.501379804845376e-06	0.000000000000000e+00
9.999300000000025e-05	1.501394819843873e-06	0.000000000000000e+00
9.999500000000025e-05	1.501424849840867e-06	0.000000000000000e+00
9.999600000000000e-05	1.501439864839361e-06	0.000000000000000e+00
9.999799999999949e-05	1.501469894836347e-06	0.000000000000000e+00
9.999899999999949e-05	1.501484909834844e-06	0.000000000000000e+00
9.999999999999999e-05	1.501499924833348e-06	0.000000000000000e+00
1.000000002750083e-04	1.501499928962597e-06	4.125123907825629e-03
1.000000008250248e-04	1.501499937221094e-06	1.237537172347689e-02
1.000000019250578e-04	1.501499953738089e-06	2.887586715149149e-02
1.000000041251239e-04	1.501499986772077e-06	6.187685821080861e-02
1.000000085252560e-04	1.501500054615386e-06	1.278788401261549e-01
1.000000101443473e-04	1.501500084727099e-06	1.521652099570510e-01
1.000000121228995e-04	1.501500133711742e-06	1.818434922903683e-01
1.000000130987407e-04	1.501500169988383e-06	1.964811103936535e-01
1.000000143021222e-04	1.501500238975373e-06	2.145318332566958e-01
1.000000153863549e-04	1.501500332911531e-06	2.307953232417699e-01
1.000000162819722e-04	1.501500457523460e-06	2.442295836597476e-01
1.000000173629912e-04	1.501500703262864e-06	2.604448683899297e-01
1.000000184003171e-04	1.501501097323580e-06	2.760047559561629e-01
1.000000194131424e-04	1.501501756323857e-06	2.911971355777469e-01
1.000000204308932e-04	1.501502884552777e-06	3.064633975465112e-01
1.000000213988127e-04	1.501504715779008e-06	3.209821912252128e-01
1.000000224216140e-04	1.501507983841642e-06	3.363242102622389e-01
1.000000235030574e-04	1.501513814077812e-06	3.525458613598151e-01
1.000000248133877e-04	1.501526011727849e-06	3.722008159036220e-01
1.000000267232098e-04	1.501555382412896e-06	4.008481467896807e-01
1.000000288312697e-04	1.501606238650435e-06	4.324690461293820e-01
1.000000314090353e-04	1.501697731505428e-06	4.711355300844859e-01
1.000000343421498e-04	1.501847090295414e-06	5.151322465514691e-01
1.000000392085299e-04	1.502213787725195e-06	5.881279486449941e-01
1.000000484164698e-04	1.503315267252088e-06	7.262470475260380e-01
1.000000668323497e-04	1.507113979373467e-06	1.002485245288126e+00
1.000001036641094e-04	1.521070359422775e-06	1.554961640812301e+00
1.000001773276288e-04	1.574418949265260e-06	2.659914431657364e+00
1.000003246546676e-04	1.782859390624708e-06	4.869820013550779e+00
1.000006193087451e-04	2.529875881440675e-06	9.289631177134320e+00
1.000010000000000e-04	3.886495817779837e-06	1.500000000000000e+01
1.000010380691255e-04	4.082072317871460e-06	1.500000000000000e+01
1.000011142073765e-04	4.494964090132116e-06	1.500000000000000e+01
1.000012664838784e-04	5.427026016771112e-06	1.500000000000000e+01
1.000015710368823e-04	7.725924520167926e-06	1.500000000000000e+01
1.000021801428901e-04	1.406281545844602e-05	1.500000000000000e+01
1.000033983549056e-04	3.369293262377370e-05	1.500000000000000e+01
1.000058347789367e-04	1.007781352588662e-04	1.500000000000000e+01
1.000107076269989e-04	3.462446413073894e-04	1.500000000000000e+01
1.000204533231233e-04	1.282319244588431e-03	1.500000000000000e+01
1.000399447153722e-04	4.934490282908058e-03	1.500000000000000e+01
1.000789274998698e-04	1.935133498474966e-02	1.500000000000000e+01
1.001568930688651e-04	7.652293541136651e-02	1.500000000000000e+01
1.003128242068557e-04	3.025119777501767e-01	1.500000000000000e+01
1.006246864828370e-04	1.132849336520590e+00	1.500000000000000e+01
1.011129677328370e-04	3.198711316733091e+00	1.500000000000000e+01
1.016012489828370e-04	6.078396198760235e+00	1.500000000000000e+01
1.020895302328370e-04	9.647118700560604e+00	1.500000000000000e+01
1.025778114828370e-04	1.362573506384773e+01	1.500000000000000e+01
1.030660927328370e-04	1.770372537275475e+01	1.500000000000000e+01
1.035543739828370e-04	2.156342759104222e+01	1.500000000000000e+01
1.040426552328370e-04	2.490478124450412e+01	1.500000000000000e+01
1.045309364828370e-04	2.746865347562682e+01	1.500000000000000e+01
1.050192177328370e-04	2.905693424764702e+01	1.500000000000000e+01
1.055074989828370e-04	2.955893489482592e+01	1.500000000000000e+01
1.059766285038964e-04	2.896314020287829e+01	1.500000000000000e+01
1.064626367490952e-04	2.727813543963271e+01	1.500000000000000e+01
1.069509179990952e-04	2.464511492262838e+01	1.500000000000000e+01
1.074391992490952e-04	2.126746616799422e+01	1.500000000000000e+01
1.079274804990952e-04	1.740835744064096e+01	1.500000000000000e+01
1.084157617490953e-04	1.336914191159360e+01	1.500000000000000e+01
1.089040429990953e-04	9.464617471668008e+00	1.500000000000000e+01
1.093923242490953e-04	5.998493963617475e+00	1.500000000000000e+01
1.098806054990953e-04	3.239770560842663e+00	1.500000000000000e+01
1.103688867490953e-04	1.352886528866235e+00	1.500000000000000e+01
1.107710738654646e-04	5.625354003275490e-01	1.500000000000000e+01
1.111142581073114e-04	5.260835702653871e-01	1.500000000000000e+01
1.114557385675352e-04	1.126215680408984e+00	1.500000000000000e+01
1.119440198175352e-04	2.886501156970967e+00	1.500000000000000e+01
1.124323010675352e-04	5.502742605553335e+00	1.500000000000000e+01
1.129205823175352e-04	8.853340428794182e+00	1.500000000000000e+01
1.134088635675352e-04	1.267604518021365e+01	1.500000000000000e+01
1.138971448175352e-04	1.667235563756718e+01	1.500000000000000e+01
1.143854260675352e-04	2.053082651275149e+01	1.500000000000000e+01
1.148737073175352e-04	2.395133926129797e+01	1.500000000000000e+01
1.153619885675352e-04	2.666844466406370e+01	1.500000000000000e+01
1.158502698175352e-04	2.847196173521608e+01	1.500000000000000e+01
1.163385510675352e-04	2.925803771608569e+01	1.500000000000000e+01
1.167661244871738e-04	2.903338859965537e+01	1.500000000000000e+01
1.171928677870948e-04	2.791444018473785e+01	1.500000000000000e+01
1.176811490370948e-04	2.570389041262897e+01	1.500000000000000e+01
1.181694302870948e-04	2.269774699906675e+01	1.500000000000000e+01
1.186577115370948e-04	1.909808528845205e+01	1.500000000000000e+01
1.191459927870948e-04	1.518627489214824e+01	1.500000000000000e+01
1.196342740370948e-04	1.126744784986123e+01	1.500000000000000e+01
1.201225552870948e-04	7.646698607184354e+00	1.500000000000000e+01
1.206108365370948e-04	4.605332458885707e+00	1.500000000000000e+01
1.210991177870948e-04	2.379011425921964e+00	1.500000000000000e+01
1.215873990370948e-04	1.089744197766392e+00	1.500000000000000e+01
1.219881711723115e-04	8.494005886949253e-01	1.500000000000000e+01
1.224114281540051e-04	1.476197376421690e+00	1.500000000000000e+01
1.228997094040051e-04	3.161512337252400e+00	1.500000000000000e+01
1.233879906540051e-04	5.728885730468451e+00	1.500000000000000e+01
1.238762719040051e-04	9.013103741045457e+00	1.500000000000000e+01
1.243645531540051e-04	1.275711810363979e+01	1.500000000000000e+01
1.248528344040051e-04	1.666857720459233e+01	1.500000000000000e+01
1.253411156540051e-04	2.044265322955685e+01	1.500000000000000e+01
1.258293969040051e-04	2.378579690688154e+01	1.500000000000000e+01
1.263176781540051e-04	2.643856876307808e+01	1.500000000000000e+01
1.268059594040051e-04	2.819577124219479e+01	1.500000000000000e+01
1.272942406540051e-04	2.895525585809678e+01	1.500000000000000e+01
1.277238044250134e-04	2.872347012214876e+01	1.500000000000000e+01
1.281529400167483e-04	2.760996474348421e+01	1.500000000000000e+01
1.286412212667483e-04	2.543229400998995e+01	1.500000000000000e+01
1.291295025167483e-04	2.247807860860113e+01	1.500000000000000e+01
1.296177837667483e-04	1.894734675389658e+01	1.500000000000000e+01
1.301060650167483e-04	1.511606933068911e+01	1.500000000000000e+01
1.305943462667483e-04	1.128308667841052e+01	1.500000000000000e+01
1.310826275167483e-04	7.746800086678877e+00	1.500000000000000e+01
1.315709087667483e-04	4.781942069496688e+00	1.500000000000000e+01
1.320591900167483e-04	2.618233703482387e+00	1.500000000000000e+01
1.325474712667483e-04	1.362145298320848e+00	1.500000000000000e+01
1.329271949940651e-04	1.142988951345065e+00	1.500000000000000e+01
1.333680525723239e-04	1.784582806967471e+00	1.500000000000000e+01
1.338563338223239e-04	3.434096880297232e+00	1.500000000000000e+01
1.343446150723239e-04	5.954924234755699e+00	1.500000000000000e+01
1.348328963223239e-04	9.175088151048550e+00	1.500000000000000e+01
1.353211775723239e-04	1.284256048051093e+01	1.500000000000000e+01
1.358094588223239e-04	1.667097230776128e+01	1.500000000000000e+01
1.362977400723239e-04	2.036197350295129e+01	1.500000000000000e+01
1.367860213223239e-04	2.362848222974778e+01	1.500000000000000e+01
1.372743025723239e-04	2.621701273002076e+01	1.500000000000000e+01
1.377625838223239e-04	2.792734492892080e+01	1.500000000000000e+01
1.382508650723239e-04	2.865891097815456e+01	1.500000000000000e+01
1.386828384572958e-04	2.841777720799318e+01	1.500000000000000e+01
1.391148283618935e-04	2.730614666948573e+01	1.500000000000000e+01
1.396031096118935e-04	2.515810526375203e+01	1.500000000000000e+01
1.400913908618935e-04	2.225260134841116e+01	1.500000000000000e+01
1.405796721118935e-04	1.878804119900666e+01	1.500000000000000e+01
1.410679533618935e-04	1.503521081900414e+01	1.500000000000000e+01
1.415562346118935e-04	1.128681995115227e+01	1.500000000000000e+01
1.420445158618935e-04	7.834672650059979e+00	1.500000000000000e+01
1.425327971118935e-04	4.946952044570810e+00	1.500000000000000e+01
1.430210783618935e-04	2.847387454632269e+00	1.500000000000000e+01
1.435093596118935e-04	1.635150404353238e+00	1.500000000000000e+01
1.438824981195491e-04	1.434293657703552e+00	1.500000000000000e+01
1.443201691952430e-04	2.064733928770135e+00	1.500000000000000e+01
1.448084504452430e-04	3.681588224485775e+00	1.500000000000000e+01
1.452967316952430e-04	6.149399218465400e+00	1.500000000000000e+01
1.457850129452430e-04	9.301508321859281e+00	1.500000000000000e+01
1.462732941952430e-04	1.289121423362084e+01	1.500000000000000e+01
1.467615754452430e-04	1.663822074284310e+01	1.500000000000000e+01
1.472498566952430e-04	2.025052209332175e+01	1.500000000000000e+01
1.477381379452430e-04	2.344715806169446e+01	1.500000000000000e+01
1.482264191952430e-04	2.598006560026728e+01	1.500000000000000e+01
1.487147004452430e-04	2.765332762090377e+01	1.500000000000000e+01
1.492029816952430e-04	2.836847185650691e+01	1.500000000000000e+01
1.496351353521242e-04	2.813141362912765e+01	1.500000000000000e+01
1.500673369880783e-04	2.704182358638963e+01	1.500000000000000e+01
1.505556182380783e-04	2.493824309120472e+01	1.500000000000000e+01
1.510438994880783e-04	2.209349804169014e+01	1.500000000000000e+01
1.515321807380783e-04	1.870196670792366e+01	1.500000000000000e+01
1.520204619880783e-04	1.502872631647613e+01	1.500000000000000e+01
1.525087432380783e-04	1.136027796852117e+01	1.500000000000000e+01
1.529970244880783e-04	7.982201512131838e+00	1.500000000000000e+01
1.534853057380783e-04	5.156924889447430e+00	1.500000000000000e+01
1.539735869880783e-04	3.103338397895225e+00	1.500000000000000e+01
1.544618682380783e-04	1.918133956448659e+00	1.500000000000000e+01
1.548345107233628e-04	1.722530591920442e+00	1.500000000000000e+01
1.552719401767766e-04	2.339729156560196e+00	1.500000000000000e+01
1.557602214267766e-04	3.922364864019936e+00	1.500000000000000e+01
1.562485026767766e-04	6.337727901798100e+00	1.500000000000000e+01
1.567367839267766e-04	9.422827998993128e+00	1.500000000000000e+01
1.572250651767766e-04	1.293620837257251e+01	1.500000000000000e+01
1.577133464267766e-04	1.660353258757668e+01	1.500000000000000e+01
1.582016276767766e-04	2.013900458403883e+01	1.500000000000000e+01
1.586899089267766e-04	2.326763985154352e+01	1.500000000000000e+01
1.591781901767766e-04	2.574665230999420e+01	1.500000000000000e+01
1.596664714267766e-04	2.738429361810577e+01	1.500000000000000e+01
1.601547526767766e-04	2.808418327521114e+01	1.500000000000000e+01
1.605869162441419e-04	2.785210960953238e+01	1.500000000000000e+01
1.610191295128417e-04	2.678560441970273e+01	1.500000000000000e+01
1.615074107628417e-04	2.472669249198318e+01	1.500000000000000e+01
1.619956920128417e-04	2.194238762937168e+01	1.500000000000000e+01
1.624839732628417e-04	1.862294479456918e+01	1.500000000000000e+01
1.629722545128417e-04	1.502780683042899e+01	1.500000000000000e+01
1.634605357628417e-04	1.143738305041934e+01	1.500000000000000e+01
1.639488170128417e-04	8.131179232311583e+00	1.500000000000000e+01
1.644370982628417e-04	5.366039798338170e+00	1.500000000000000e+01
1.649253795128417e-04	3.356195815295356e+00	1.500000000000000e+01
1.654136607628417e-04	2.196263028454236e+00	1.500000000000000e+01
1.657862759652885e-04	2.004872080945030e+00	1.500000000000000e+01
1.662236921221230e-04	2.608954291880040e+00	1.500000000000000e+01
1.667119733721230e-04	4.157942955864944e+00	1.500000000000000e+01
1.672002546221230e-04	6.521943250053502e+00	1.500000000000000e+01
1.676885358721230e-04	9.541437700699374e+00	1.500000000000000e+01
1.681768171221230e-04	1.298010418237200e+01	1.500000000000000e+01
1.686650983721230e-04	1.656944017072276e+01	1.500000000000000e+01
1.691533796221230e-04	2.002972726101260e+01	1.500000000000000e+01
1.696416608721230e-04	2.309182873031039e+01	1.500000000000000e+01
1.701299421221230e-04	2.551812160733507e+01	1.500000000000000e+01
1.706182233721230e-04	2.712093534255223e+01	1.500000000000000e+01
1.711065046221230e-04	2.780593891374718e+01	1.500000000000000e+01
1.715386687195987e-04	2.757879749335037e+01	1.500000000000000e+01
1.719708826105113e-04	2.653496778775929e+01	1.500000000000000e+01
1.724591638605113e-04	2.451983665011869e+01	1.500000000000000e+01
1.729474451105113e-04	2.179473910840769e+01	1.500000000000000e+01
1.734357263605113e-04	1.854588475699926e+01	1.500000000000000e+01
1.739240076105113e-04	1.502719934253363e+01	1.500000000000000e+01
1.744122888605113e-04	1.151312912063479e+01	1.500000000000000e+01
1.749005701105113e-04	8.277235927465121e+00	1.500000000000000e+01
1.753888513605113e-04	5.570902059668203e+00	1.500000000000000e+01
1.758771326105113e-04	3.603802579506802e+00	1.500000000000000e+01
1.763654138605113e-04	2.468540116790881e+00	1.500000000000000e+01
1.767380276035618e-04	2.281221996116612e+00	1.500000000000000e+01
1.771754430491247e-04	2.872458431483509e+00	1.500000000000000e+01
1.776637242991247e-04	4.388507214869416e+00	1.500000000000000e+01
1.781520055491247e-04	6.702235453096267e+00	1.500000000000000e+01
1.786402867991247e-04	9.657518275085602e+00	1.500000000000000e+01
1.791285680491247e-04	1.302305910820374e+01	1.500000000000000e+01
1.796168492991247e-04	1.653606532220079e+01	1.500000000000000e+01
1.801051305491247e-04	1.992276692257426e+01	1.500000000000000e+01
1.805934117991247e-04	2.291975057214499e+01	1.500000000000000e+01
1.810816930491247e-04	2.529444652539219e+01	1.500000000000000e+01
1.815699742991247e-04	2.686317518677936e+01	1.500000000000000e+01
1.820582555491247e-04	2.753361154384718e+01	1.500000000000000e+01
1.824904196749127e-04	2.731130029182929e+01	1.500000000000000e+01
1.829226335990565e-04	2.628966812979608e+01	1.500000000000000e+01
1.834109148490565e-04	2.431739000565303e+01	1.500000000000000e+01
1.838991960990565e-04	2.165024344457441e+01	1.500000000000000e+01
1.843874773490565e-04	1.847047818997953e+01	1.500000000000000e+01
1.848757585990565e-04	1.502662008471537e+01	1.500000000000000e+01
1.853640398490565e-04	1.158727909248055e+01	1.500000000000000e+01
1.858523210990565e-04	8.420199560191724e+00	1.500000000000000e+01
1.863406023490565e-04	5.771417953983870e+00	1.500000000000000e+01
1.868288835990565e-04	3.846150435236638e+00	1.500000000000000e+01
1.873171648490565e-04	2.735030318556703e+00	1.500000000000000e+01
1.876897785141633e-04	2.551695794984150e+00	1.500000000000000e+01
1.881271939217384e-04	3.130359192308819e+00	1.500000000000000e+01
1.886154751717384e-04	4.614168147176378e+00	1.500000000000000e+01
1.891037564217384e-04	6.878693317906085e+00	1.500000000000000e+01
1.895920376717384e-04	9.771129957856504e+00	1.500000000000000e+01
1.900803189217384e-04	1.306510017981104e+01	1.500000000000000e+01
1.905686001717384e-04	1.650339982506126e+01	1.500000000000000e+01
1.910568814217384e-04	1.981808081221284e+01	1.500000000000000e+01
1.915451626717384e-04	2.275133147566099e+01	1.500000000000000e+01
1.920334439217384e-04	2.507552783072586e+01	1.500000000000000e+01
1.925217251717384e-04	2.661089635909628e+01	1.500000000000000e+01
1.930100064217384e-04	2.726707540485495e+01	1.500000000000000e+01
1.934421705490384e-04	2.704949175118674e+01	1.500000000000000e+01
1.938743844749568e-04	2.604958530938370e+01	1.500000000000000e+01
1.943626657249568e-04	2.411924906905089e+01	1.500000000000000e+01
1.948509469749568e-04	2.150882126340722e+01	1.500000000000000e+01
1.953392282249568e-04	1.839667596728464e+01	1.500000000000000e+01
1.958275094749568e-04	1.502605394559193e+01	1.500000000000000e+01
1.963157907249568e-04	1.165985298075570e+01	1.500000000000000e+01
1.968040719749568e-04	8.560123646107458e+00	1.500000000000000e+01
1.972923532249568e-04	5.967670267422378e+00	1.500000000000000e+01
1.977806344749568e-04	4.083344938229053e+00	1.500000000000000e+01
1.982689157249568e-04	2.995853588561662e+00	1.500000000000000e+01
1.986415293859011e-04	2.816417811214624e+00	1.500000000000000e+01
1.990789447914475e-04	3.382775522226225e+00	1.500000000000000e+01
1.995672260414475e-04	4.835030228508884e+00	1.500000000000000e+01
2.000555072914475e-04	7.051398665559737e+00	1.500000000000000e+01
2.005437885414475e-04	9.882325589012133e+00	1.500000000000000e+01
2.010320697914475e-04	1.310624719797119e+01	1.500000000000000e+01
2.015203510414475e-04	1.647142896258386e+01	1.500000000000000e+01
2.020086322914475e-04	1.971562090745425e+01	1.500000000000000e+01
2.024969135414475e-04	2.258649391491158e+01	1.500000000000000e+01
2.029851947914475e-04	2.486126458577012e+01	1.500000000000000e+01
2.034734760414475e-04	2.636398241311185e+01	1.500000000000000e+01
2.039617572914475e-04	2.700620734570623e+01	1.500000000000000e+01
2.043939214188282e-04	2.679325076233585e+01	1.500000000000000e+01
2.048261353448415e-04	2.581460803957908e+01	1.500000000000000e+01
2.053144165948415e-04	2.392532176803777e+01	1.500000000000000e+01
2.058026978448415e-04	2.137040656076681e+01	1.500000000000000e+01
2.062909790948415e-04	1.832444324145857e+01	1.500000000000000e+01
2.067792603448415e-04	1.502549988765266e+01	1.500000000000000e+01
2.072675415948415e-04	1.173088357397322e+01	1.500000000000000e+01
2.077558228448415e-04	8.697072182437568e+00	1.500000000000000e+01
2.082441040948415e-04	6.159749164016927e+00	1.500000000000000e+01
2.087323853448415e-04	4.315495349979873e+00	1.500000000000000e+01
2.092206665948415e-04	3.251130275692775e+00	1.500000000000000e+01
2.095932802555635e-04	3.075510327814022e+00	1.500000000000000e+01
2.100306956610016e-04	3.629824040466099e+00	1.500000000000000e+01
2.105189769110016e-04	5.051195520444383e+00	1.500000000000000e+01
2.110072581610016e-04	7.220431310689202e+00	1.500000000000000e+01
2.114955394110016e-04	9.991156565230547e+00	1.500000000000000e+01
2.119838206610016e-04	1.314651919454755e+01	1.500000000000000e+01
2.124721019110016e-04	1.644013798211199e+01	1.500000000000000e+01
2.129603831610016e-04	1.961533988426091e+01	1.500000000000000e+01
2.134486644110016e-04	2.242516174098073e+01	1.500000000000000e+01
2.139369456610016e-04	2.465155780008379e+01	1.500000000000000e+01
2.144252269110016e-04	2.612231926697908e+01	1.500000000000000e+01
2.149135081610016e-04	2.675088683085251e+01	1.500000000000000e+01
2.153456722883866e-04	2.654245892024892e+01	1.500000000000000e+01
2.157778862144049e-04	2.558462772907949e+01	1.500000000000000e+01
2.162661674644049e-04	2.373551847009097e+01	1.500000000000000e+01
2.167544487144049e-04	2.123493534680675e+01	1.500000000000000e+01
2.172427299644049e-04	1.825374659788210e+01	1.500000000000000e+01
2.177310112144049e-04	1.502495761433380e+01	1.500000000000000e+01
2.182192924644049e-04	1.180040365334412e+01	1.500000000000000e+01
2.187075737144049e-04	8.831108412856659e+00	1.500000000000000e+01
2.191958549644049e-04	6.347743368093291e+00	1.500000000000000e+01
2.196841362144049e-04	4.542708919514932e+00	1.500000000000000e+01
2.201724174644049e-04	3.500978323481953e+00	1.500000000000000e+01
2.205450311251149e-04	3.329093058377594e+00	1.500000000000000e+01
2.209824465305472e-04	3.871618896774945e+00	1.500000000000000e+01
2.214707277805472e-04	5.262763904097788e+00	1.500000000000000e+01
2.219590090305472e-04	7.385869356688566e+00	1.500000000000000e+01
2.224472902805472e-04	1.009767317349874e+01	1.500000000000000e+01
2.229355715305472e-04	1.318593477849780e+01	1.500000000000000e+01
2.234238527805472e-04	1.640951242647790e+01	1.500000000000000e+01
2.239121340305472e-04	1.951719140810023e+01	1.500000000000000e+01
2.244004152805472e-04	2.226726041011261e+01	1.500000000000000e+01
2.248886965305472e-04	2.444631057790109e+01	1.500000000000000e+01
2.253769777805472e-04	2.588579525903432e+01	1.500000000000000e+01
2.258652590305472e-04	2.650099588783634e+01	1.500000000000000e+01
2.262974231579324e-04	2.629700034458192e+01	1.500000000000000e+01
2.267296370839509e-04	2.535953811305282e+01	1.500000000000000e+01
2.272179183339509e-04	2.354975147397482e+01	1.500000000000000e+01
2.277061995839509e-04	2.110234502439663e+01	1.500000000000000e+01
2.281944808339509e-04	1.818455336868678e+01	1.500000000000000e+01
2.286827620839509e-04	1.502442687295848e+01	1.500000000000000e+01
2.291710433339509e-04	1.186844533903069e+01	1.500000000000000e+01
2.296593245839509e-04	8.962294267866495e+00	1.500000000000000e+01
2.301476058339509e-04	6.531739742158640e+00	1.500000000000000e+01
2.306358870839509e-04	4.765090631388232e+00	1.500000000000000e+01
2.311241683339509e-04	3.745513175349803e+00	1.500000000000000e+01
2.314967819946604e-04	3.577283172321913e+00	1.500000000000000e+01
2.319341974000924e-04	4.108271813968374e+00	1.500000000000000e+01
2.324224786500924e-04	5.469833136012515e+00	1.500000000000000e+01
2.329107599000924e-04	7.547789245297735e+00	1.500000000000000e+01
2.333990411500924e-04	1.020192463054073e+01	1.500000000000000e+01
2.338873224000924e-04	1.322451216209632e+01	1.500000000000000e+01
2.343756036500924e-04	1.637953814500327e+01	1.500000000000000e+01
2.348638849000924e-04	1.942113012889605e+01	1.500000000000000e+01
2.353521661500924e-04	2.211271696303750e+01	1.500000000000000e+01
2.358404474000924e-04	2.424542808347170e+01	1.500000000000000e+01
2.363287286500924e-04	2.565430110187643e+01	1.500000000000000e+01
2.368170099000924e-04	2.625641905296342e+01	1.500000000000000e+01
2.372491740274777e-04	2.605676161962476e+01	1.500000000000000e+01
2.376813879534963e-04	2.513923518736348e+01	1.500000000000000e+01
2.381696692034963e-04	2.336793494479367e+01	1.500000000000000e+01
2.386579504534963e-04	2.097257432923877e+01	1.500000000000000e+01
2.391462317034963e-04	1.811683158259106e+01	1.500000000000000e+01
2.396345129534963e-04	1.502390741817891e+01	1.500000000000000e+01
2.401227942034963e-04	1.193504007001475e+01	1.500000000000000e+01
2.406110754534963e-04	9.090690362626193e+00	1.500000000000000e+01
2.410993567034963e-04	6.711823302828303e+00	1.500000000000000e+01
2.415876379534963e-04	4.982743238430731e+00	1.500000000000000e+01
2.420759192034963e-04	3.984847820151359e+00	1.500000000000000e+01
2.424485328642057e-04	3.820195347458556e+00	1.500000000000000e+01
2.428859482696377e-04	4.339892139025809e+00	1.500000000000000e+01
2.433742295196377e-04	5.672498893841377e+00	1.500000000000000e+01
2.438625107696377e-04	7.706265792629685e+00	1.500000000000000e+01
2.443507920196377e-04	1.030395910640557e+01	1.500000000000000e+01
2.448390732696377e-04	1.326226917027049e+01	1.500000000000000e+01
2.453273545196377e-04	1.635020128788409e+01	1.500000000000000e+01
2.458156357696377e-04	1.932711166092793e+01	1.500000000000000e+01
2.463039170196377e-04	2.196145999197824e+01	1.500000000000000e+01
2.467921982696377e-04	2.404881749776734e+01	1.500000000000000e+01
2.472804795196377e-04	2.542772983216362e+01	1.500000000000000e+01
2.477687607696377e-04	2.601704331795624e+01	1.500000000000000e+01
2.482009248970230e-04	2.582163174154863e+01	1.500000000000000e+01
2.486331388230416e-04	2.492361715964370e+01	1.500000000000000e+01
2.491214200730416e-04	2.318998487306299e+01	1.500000000000000e+01
2.496097013230416e-04	2.084556329995644e+01	1.500000000000000e+01
2.500979825730416e-04	1.805054994831031e+01	1.500000000000000e+01
2.505862638230416e-04	1.502339900997431e+01	1.500000000000000e+01
2.510745450730416e-04	1.200021861681142e+01	1.500000000000000e+01
2.515628263230416e-04	9.216356023363904e+00	1.500000000000000e+01
2.520511075730416e-04	6.888077258852929e+00	1.500000000000000e+01
2.525393888230416e-04	5.195767308410337e+00	1.500000000000000e+01
2.530276700730416e-04	4.219092843978507e+00	1.500000000000000e+01
2.534002837337510e-04	4.057941822900635e+00	1.500000000000000e+01
2.538376991391830e-04	4.566586893589552e+00	1.500000000000000e+01
2.543259803891830e-04	5.870854820585283e+00	1.500000000000000e+01
2.548142616391830e-04	7.861372223779991e+00	1.500000000000000e+01
2.553025428891830e-04	1.040382374677120e+01	1.500000000000000e+01
2.557908241391830e-04	1.329922324888597e+01	1.500000000000000e+01
2.562791053891830e-04	1.632148829983934e+01	1.500000000000000e+01
2.567673866391830e-04	1.923509256236569e+01	1.500000000000000e+01
2.572556678891830e-04	2.181341960769063e+01	1.500000000000000e+01
2.577439491391830e-04	2.385638797561799e+01	1.500000000000000e+01
2.582322303891830e-04	2.520597676120149e+01	1.500000000000000e+01
2.587205116391830e-04	2.578275807773602e+01	1.500000000000000e+01
2.591526757665683e-04	2.559150206710042e+01	1.500000000000000e+01
2.595848896925868e-04	2.471258440221521e+01	1.500000000000000e+01
2.600731709425868e-04	2.301581903582318e+01	1.500000000000000e+01
2.605614521925868e-04	2.072125325029786e+01	1.500000000000000e+01
2.610497334425868e-04	1.798567783999490e+01	1.500000000000000e+01
2.615380146925868e-04	1.502290141343133e+01	1.500000000000000e+01
2.620262959425868e-04	1.206401109558154e+01	1.500000000000000e+01
2.625145771925868e-04	9.339349314695109e+00	1.500000000000000e+01
2.630028584425868e-04	7.060583049490718e+00	1.500000000000000e+01
2.634911396925868e-04	5.404261270449640e+00	1.500000000000000e+01
2.639794209425868e-04	4.448356481230231e+00	1.500000000000000e+01
2.643520346032963e-04	4.290632450915270e+00	1.500000000000000e+01
2.647894500087283e-04	4.788460823409140e+00	1.500000000000000e+01
2.652777312587283e-04	6.064992567858605e+00	1.500000000000000e+01
2.657660125087283e-04	8.013180206659138e+00	1.500000000000000e+01
2.662542937587283e-04	1.050156469472813e+01	1.500000000000000e+01
2.667425750087283e-04	1.333539147280903e+01	1.500000000000000e+01
2.672308562587283e-04	1.629338591385051e+01	1.500000000000000e+01
2.677191375087283e-04	1.914503031520076e+01	1.500000000000000e+01
2.682074187587283e-04	2.166852740717566e+01	1.500000000000000e+01
2.686957000087283e-04	2.366805060374192e+01	1.500000000000000e+01
2.691839812587283e-04	2.498893942657653e+01	1.500000000000000e+01
2.696722625087283e-04	2.555345507932088e+01	1.500000000000000e+01
2.701044266361135e-04	2.536626626340317e+01	1.500000000000000e+01
2.705366405621320e-04	2.450603940605149e+01	1.500000000000000e+01
2.710249218121320e-04	2.284535695864093e+01	1.500000000000000e+01
2.715132030621320e-04	2.059958674201288e+01	1.500000000000000e+01
2.720014843121320e-04	1.792218528307349e+01	1.500000000000000e+01
2.724897655621320e-04	1.502241439863131e+01	1.500000000000000e+01
2.729780468121320e-04	1.212644698204482e+01	1.500000000000000e+01
2.734663280621320e-04	9.459727066451732e+00	1.500000000000000e+01
2.739546093121320e-04	7.229420382139083e+00	1.500000000000000e+01
2.744428905621320e-04	5.608321460509849e+00	1.500000000000000e+01
2.749311718121320e-04	4.672744664628476e+00	1.500000000000000e+01
2.753037854728414e-04	4.518374747687224e+00	1.500000000000000e+01
2.757412008782734e-04	5.005616446744989e+00	1.500000000000000e+01
2.762294821282734e-04	6.255001838242221e+00	1.500000000000000e+01
2.767177633782734e-04	8.161759885111239e+00	1.500000000000000e+01
2.772060446282734e-04	1.059722711210319e+01	1.500000000000000e+01
2.776943258782734e-04	1.337079055379785e+01	1.500000000000000e+01
2.781826071282734e-04	1.626588114503175e+01	1.500000000000000e+01
2.786708883782734e-04	1.905688330559942e+01	1.500000000000000e+01
2.791591696282734e-04	2.152671644207086e+01	1.500000000000000e+01
2.796474508782734e-04	2.348371835965889e+01	1.500000000000000e+01
2.801357321282734e-04	2.477651754480816e+01	1.500000000000000e+01
2.806240133782734e-04	2.532902837180245e+01	1.500000000000000e+01
2.810561775056586e-04	2.514582025882285e+01	1.500000000000000e+01
2.814883914316771e-04	2.430388673572676e+01	1.500000000000000e+01
2.819766726816771e-04	2.267851987843415e+01	1.500000000000000e+01
2.824649539316771e-04	2.048050755832179e+01	1.500000000000000e+01
2.829532351816771e-04	1.786004294040906e+01	1.500000000000000e+01
2.834415164316771e-04	1.502193774054693e+01	1.500000000000000e+01
2.839297976816771e-04	1.218755512509882e+01	1.500000000000000e+01
2.844180789316771e-04	9.577544899936937e+00	1.500000000000000e+01
2.849063601816771e-04	7.394667269157195e+00	1.500000000000000e+01
2.853946414316771e-04	5.808042165894202e+00	1.500000000000000e+01
2.858829226816771e-04	4.892361074154327e+00	1.500000000000000e+01
2.862555363423866e-04	4.741273942986822e+00	1.500000000000000e+01
2.866929517478186e-04	5.218154101727888e+00	1.500000000000000e+01
2.871812329978186e-04	6.440970426722566e+00	1.500000000000000e+01
2.876695142478186e-04	8.307179911317398e+00	1.500000000000000e+01
2.881577954978186e-04	1.069085520032193e+01	1.500000000000000e+01
2.886460767478186e-04	1.340543684822179e+01	1.500000000000000e+01
2.891343579978186e-04	1.623896128463030e+01	1.500000000000000e+01
2.896226392478186e-04	1.897061080467756e+01	1.500000000000000e+01
2.901109204978186e-04	2.138792118772177e+01	1.500000000000000e+01
2.905992017478186e-04	2.330330607148825e+01	1.500000000000000e+01
2.910874829978186e-04	2.456861296502078e+01	1.500000000000000e+01
2.915757642478186e-04	2.510937425739934e+01	1.500000000000000e+01
2.920079283752038e-04	2.493006219488634e+01	1.500000000000000e+01
2.924401423012223e-04	2.410603298531743e+01	1.500000000000000e+01
2.929284235512223e-04	2.251523070706994e+01	1.500000000000000e+01
2.934167048012223e-04	2.036396067793038e+01	1.500000000000000e+01
2.939049860512223e-04	1.779922209873632e+01	1.500000000000000e+01
2.943932673012223e-04	1.502147121893412e+01	1.500000000000000e+01
2.948815485512223e-04	1.224736376014808e+01	1.500000000000000e+01
2.953698298012223e-04	9.692857253628087e+00	1.500000000000000e+01
2.958581110512223e-04	7.556400063918081e+00	1.500000000000000e+01
2.963463923012223e-04	6.003515668822748e+00	1.500000000000000e+01
2.968346735512223e-04	5.107307184964586e+00	1.500000000000000e+01
2.972072872119317e-04	4.959433028803156e+00	1.500000000000000e+01
2.976447026173637e-04	5.426171992731480e+00	1.500000000000000e+01
2.981329838673637e-04	6.622984261267311e+00	1.500000000000000e+01
2.986212651173637e-04	8.449507477524444e+00	1.500000000000000e+01
2.991095463673637e-04	1.078249222083718e+01	1.500000000000000e+01
2.995978276173637e-04	1.343934636462116e+01	1.500000000000000e+01
3.000861088673637e-04	1.621261389415352e+01	1.500000000000000e+01
3.005743901173637e-04	1.888617294967797e+01	1.500000000000000e+01
3.010626713673637e-04	2.125207751289929e+01	1.500000000000000e+01
3.015509526173637e-04	2.312673037858610e+01	1.500000000000000e+01
3.020392338673637e-04	2.436512962358258e+01	1.500000000000000e+01
3.025275151173637e-04	2.489439124353254e+01	1.500000000000000e+01
3.029596792447489e-04	2.471889237920957e+01	1.500000000000000e+01
3.033918931707673e-04	2.391238673524203e+01	1.500000000000000e+01
3.038801744207673e-04	2.235541399575111e+01	1.500000000000000e+01
3.043684556707673e-04	2.024989224961425e+01	1.500000000000000e+01
3.048567369207673e-04	1.773969465540088e+01	1.500000000000000e+01
3.053450181707673e-04	1.502101461823516e+01	1.500000000000000e+01
3.058332994207673e-04	1.230590052215347e+01	1.500000000000000e+01
3.063215806707673e-04	9.805717408331313e+00	1.500000000000000e+01
3.068098619207673e-04	7.714693496086988e+00	1.500000000000000e+01
3.072981431707673e-04	6.194832289068705e+00	1.500000000000000e+01
3.077864244207673e-04	5.317682314274093e+00	1.500000000000000e+01
3.081590380814768e-04	5.172952806926081e+00	1.500000000000000e+01
3.085964534869088e-04	5.629766235742082e+00	1.500000000000000e+01
3.090847347369088e-04	6.801127442523512e+00	1.500000000000000e+01
3.095730159869088e-04	8.588808347087479e+00	1.500000000000000e+01
3.100612972369088e-04	1.087218051511589e+01	1.500000000000000e+01
3.105495784869088e-04	1.347253477110344e+01	1.500000000000000e+01
3.110378597369088e-04	1.618682679962282e+01	1.500000000000000e+01
3.115261409869088e-04	1.880353072555437e+01	1.500000000000000e+01
3.120144222369088e-04	2.111912265017193e+01	1.500000000000000e+01
3.125027034869088e-04	2.295390969303351e+01	1.500000000000000e+01
3.129909847369088e-04	2.416597349972480e+01	1.500000000000000e+01
3.134792659869088e-04	2.468397999593673e+01	1.500000000000000e+01
3.139114301142940e-04	2.451221323943989e+01	1.500000000000000e+01
3.143436440403124e-04	2.372285851002252e+01	1.500000000000000e+01
3.148319252903124e-04	2.219899590015246e+01	1.500000000000000e+01
3.153202065403124e-04	2.013824956733220e+01	1.500000000000000e+01
3.158084877903124e-04	1.768143310536930e+01	1.500000000000000e+01
3.162967690403124e-04	1.502056772747386e+01	1.500000000000000e+01
3.167850502903124e-04	1.236319245839605e+01	1.500000000000000e+01
3.172733315403124e-04	9.916177511795739e+00	1.500000000000000e+01
3.177616127903124e-04	7.869620706147066e+00	1.500000000000000e+01
3.182498940403124e-04	6.382080425688838e+00	1.500000000000000e+01
3.187381752903124e-04	5.523583667244860e+00	1.500000000000000e+01
3.191107889510220e-04	5.381931935522964e+00	1.500000000000000e+01
3.195482043564540e-04	5.829030902770934e+00	1.500000000000000e+01
3.200364856064540e-04	6.975482282678056e+00	1.500000000000000e+01
3.205247668564540e-04	8.725146884856844e+00	1.500000000000000e+01
3.210130481064540e-04	1.095996152420321e+01	1.500000000000000e+01
3.215013293564540e-04	1.350501740258216e+01	1.500000000000000e+01
3.219896106064540e-04	1.616158808594734e+01	1.500000000000000e+01
3.224778918564540e-04	1.872264594694259e+01	1.500000000000000e+01
3.229661731064540e-04	2.098899516690172e+01	1.500000000000000e+01
3.234544543564540e-04	2.278476416193622e+01	1.500000000000000e+01
3.239427356064540e-04	2.397105257209692e+01	1.500000000000000e+01
3.244310168564540e-04	2.447804329276023e+01	1.500000000000000e+01
3.248631809838392e-04	2.430992927816966e+01	1.500000000000000e+01
3.252953949098577e-04	2.353736073693941e+01	1.500000000000000e+01
3.257836761598577e-04	2.204590414629901e+01	1.500000000000000e+01
3.262719574098577e-04	2.002898104587288e+01	1.500000000000000e+01
3.267602386598577e-04	1.762441052852139e+01	1.500000000000000e+01
3.272485199098577e-04	1.502013034016061e+01	1.500000000000000e+01
3.277368011598577e-04	1.241926604097805e+01	1.500000000000000e+01
3.282250824098577e-04	1.002428860281314e+01	1.500000000000000e+01
3.287133636598577e-04	8.021253279199348e+00	1.500000000000000e+01
3.292016449098577e-04	6.565346597873832e+00	1.500000000000000e+01
3.296899261598577e-04	5.725106381904776e+00	1.500000000000000e+01
3.300625398205672e-04	5.586466974727339e+00	1.500000000000000e+01
3.304999552259993e-04	6.024058065322533e+00	1.500000000000000e+01
3.309882364759993e-04	7.146129343491625e+00	1.500000000000000e+01
3.314765177259993e-04	8.858586086919408e+00	1.500000000000000e+01
3.319647989759993e-04	1.104587580787173e+01	1.500000000000000e+01
3.324530802259993e-04	1.353680926786361e+01	1.500000000000000e+01
3.329413614759993e-04	1.613688609141950e+01	1.500000000000000e+01
3.334296427259993e-04	1.864348124051759e+01	1.500000000000000e+01
3.339179239759993e-04	2.086163493685937e+01	1.500000000000000e+01
3.344062052259993e-04	2.261921563052825e+01	1.500000000000000e+01
3.348944864759993e-04	2.378027677624734e+01	1.500000000000000e+01
3.353827677259993e-04	2.427648597964195e+01	1.500000000000000e+01
3.358149318533845e-04	2.411194702880973e+01	1.500000000000000e+01
3.362471457794028e-04	2.335580770556911e+01	1.500000000000000e+01
3.367354270294028e-04	2.189606799717534e+01	1.500000000000000e+01
3.372237082794028e-04	1.992203619702428e+01	1.500000000000000e+01
3.377119895294028e-04	1.756860057721554e+01	1.500000000000000e+01
3.382002707794028e-04	1.501970225419969e+01	1.500000000000000e+01
3.386885520294028e-04	1.247414717905586e+01	1.500000000000000e+01
3.391768332794028e-04	1.013010063480061e+01	1.500000000000000e+01
3.396651145294028e-04	8.169661278037481e+00	1.500000000000000e+01
3.401533957794028e-04	6.744715484922080e+00	1.500000000000000e+01
3.406416770294028e-04	5.922343573103247e+00	1.500000000000000e+01
3.410142906901124e-04	5.786652431252326e+00	1.500000000000000e+01
3.414517060955444e-04	6.214937836935596e+00	1.500000000000000e+01
3.419399873455444e-04	7.313147473522234e+00	1.500000000000000e+01
3.424282685955444e-04	8.989187609705683e+00	1.500000000000000e+01
3.429165498455444e-04	1.112996306336150e+01	1.500000000000000e+01
3.434048310955444e-04	1.356792505658062e+01	1.500000000000000e+01
3.438931123455444e-04	1.611270940232539e+01	1.500000000000000e+01
3.443813935955444e-04	1.856600002772351e+01	1.500000000000000e+01
3.448696748455444e-04	2.073698311244126e+01	1.500000000000000e+01
3.453579560955444e-04	2.245718760605887e+01	1.500000000000000e+01
3.458462373455444e-04	2.359355796300766e+01	1.500000000000000e+01
3.463345185955444e-04	2.407921492574570e+01	1.500000000000000e+01
3.467666827229297e-04	2.391817501240595e+01	1.500000000000000e+01
3.471988966489482e-04	2.317811552818118e+01	1.500000000000000e+01
3.476871778989482e-04	2.174941822003643e+01	1.500000000000000e+01
3.481754591489482e-04	1.981736560623806e+01	1.500000000000000e+01
3.486637403989482e-04	1.751397746410727e+01	1.500000000000000e+01
3.491520216489482e-04	1.501928327178910e+01	1.500000000000000e+01
3.496403028989482e-04	1.252786123080573e+01	1.500000000000000e+01
3.501285841489482e-04	1.023366249887757e+01	1.500000000000000e+01
3.506168653989482e-04	8.314913275518263e+00	1.500000000000000e+01
3.511051466489482e-04	6.920269965365879e+00	1.500000000000000e+01
3.515934278989482e-04	6.115386375536282e+00	1.500000000000000e+01
3.519660415596576e-04	5.982580802058607e+00	1.500000000000000e+01
3.524034569650896e-04	6.401758414819594e+00	1.500000000000000e+01
3.528917382150896e-04	7.476613844556264e+00	1.500000000000000e+01
3.533800194650896e-04	9.117011798477737e+00	1.500000000000000e+01
3.538683007150896e-04	1.121226214372249e+01	1.500000000000000e+01
3.543565819650896e-04	1.359837914598105e+01	1.500000000000000e+01
3.548448632150896e-04	1.608904684767285e+01	1.500000000000000e+01
3.553331444650896e-04	1.849016650787501e+01	1.500000000000000e+01
3.558214257150896e-04	2.061498209748178e+01	1.500000000000000e+01
3.563097069650896e-04	2.229860522245216e+01	1.500000000000000e+01
3.567979882150896e-04	2.341080985776637e+01	1.500000000000000e+01
3.572862694650896e-04	2.388613898072963e+01	1.500000000000000e+01
3.577184335924748e-04	2.372852369536808e+01	1.500000000000000e+01
3.581506475184934e-04	2.300420210097796e+01	1.500000000000000e+01
3.586389287684934e-04	2.160588705442398e+01	1.500000000000000e+01
3.591272100184934e-04	1.971492090980606e+01	1.500000000000000e+01
3.596154912684934e-04	1.746051595024301e+01	1.500000000000000e+01
3.601037725184934e-04	1.501887319933754e+01	1.500000000000000e+01
3.605920537684934e-04	1.258043301514790e+01	1.500000000000000e+01
3.610803350184934e-04	1.033502204646172e+01	1.500000000000000e+01
3.615686162684934e-04	8.457076386249394e+00	1.500000000000000e+01
3.620568975184934e-04	7.092091155266771e+00	1.500000000000000e+01
3.625451787684934e-04	6.304323985855122e+00	1.500000000000000e+01
3.629177924292029e-04	6.174342617092593e+00	1.500000000000000e+01
3.633552078346349e-04	6.584606120608061e+00	1.500000000000000e+01
3.638434890846349e-04	7.636603987268222e+00	1.500000000000000e+01
3.643317703346349e-04	9.242117715213601e+00	1.500000000000000e+01
3.648200515846349e-04	1.129281107576730e+01	1.500000000000000e+01
3.653083328346349e-04	1.362818560757024e+01	1.500000000000000e+01
3.657966140846349e-04	1.606588749402823e+01	1.500000000000000e+01
3.662848953346349e-04	1.841594564161264e+01	1.500000000000000e+01
3.667731765846349e-04	2.049557552063722e+01	1.500000000000000e+01
3.672614578346349e-04	2.214339520571074e+01	1.500000000000000e+01
3.677497390846349e-04	2.323194802060095e+01	1.500000000000000e+01
3.682380203346349e-04	2.369716893262742e+01	1.500000000000000e+01
3.686701844620201e-04	2.354290544810101e+01	1.500000000000000e+01
3.691023983880386e-04	2.283398706615581e+01	1.500000000000000e+01
3.695906796380386e-04	2.146540818085076e+01	1.500000000000000e+01
3.700789608880386e-04	1.961465477250483e+01	1.500000000000000e+01
3.705672421380386e-04	1.740819133338992e+01	1.500000000000000e+01
3.710555233880386e-04	1.501847184736771e+01	1.500000000000000e+01
3.715438046380386e-04	1.263188682320861e+01	1.500000000000000e+01
3.720320858880386e-04	1.043422611137532e+01	1.500000000000000e+01
3.725203671380386e-04	8.596216297598868e+00	1.500000000000000e+01
3.730086483880386e-04	7.260258445696816e+00	1.500000000000000e+01
3.734969296380386e-04	6.489243703882659e+00	1.500000000000000e+01
3.738695432987481e-04	6.362026481118773e+00	1.500000000000000e+01
3.743069587041801e-04	6.763565440244166e+00	1.500000000000000e+01
3.747952399541801e-04	7.793191826118739e+00	1.500000000000000e+01
3.752835212041801e-04	9.364563165895792e+00	1.500000000000000e+01
3.757718024541801e-04	1.137164707764095e+01	1.500000000000000e+01
3.762600837041801e-04	1.365735821361277e+01	1.500000000000000e+01
3.767483649541801e-04	1.604322064046512e+01	1.500000000000000e+01
3.772366462041801e-04	1.834330313471417e+01	1.500000000000000e+01
3.777249274541801e-04	2.037870820934111e+01	1.500000000000000e+01
3.782132087041801e-04	2.199148584006161e+01	1.500000000000000e+01
3.787014899541801e-04	2.305688980726475e+01	1.500000000000000e+01
3.791897712041801e-04	2.351221746662953e+01	1.500000000000000e+01
3.796219353315653e-04	2.336123450451623e+01	1.500000000000000e+01
3.800541492575839e-04	2.266739177477807e+01	1.500000000000000e+01
3.805424305075839e-04	2.132791669016177e+01	1.500000000000000e+01
3.810307117575839e-04	1.951652086572912e+01	1.500000000000000e+01
3.815189930075839e-04	1.735697943662638e+01	1.500000000000000e+01
3.820072742575839e-04	1.501807903043193e+01	1.500000000000000e+01
3.824955555075839e-04	1.268224642954588e+01	1.500000000000000e+01
3.829838367575839e-04	1.053132053148561e+01	1.500000000000000e+01
3.834721180075839e-04	8.732397300045221e+00	1.500000000000000e+01
3.839603992575839e-04	7.424849539419334e+00	1.500000000000000e+01
3.844486805075839e-04	6.670230972947840e+00	1.500000000000000e+01
3.848212941682934e-04	6.545719114657406e+00	1.500000000000000e+01
3.852587095737254e-04	6.938719063017176e+00	1.500000000000000e+01
3.857469908237254e-04	7.946449713512452e+00	1.500000000000000e+01
3.862352720737254e-04	9.484404727221845e+00	1.500000000000000e+01
3.867235533237254e-04	1.144880657601841e+01	1.500000000000000e+01
3.872118345737254e-04	1.368591044349639e+01	1.500000000000000e+01
3.877001158237254e-04	1.602103581362000e+01	1.500000000000000e+01
3.881883970737254e-04	1.827220542224827e+01	1.500000000000000e+01
3.886766783237254e-04	2.026432616431058e+01	1.500000000000000e+01
3.891649595737254e-04	2.184280693481828e+01	1.500000000000000e+01
3.896532408237254e-04	2.288555433099931e+01	1.500000000000000e+01
3.901415220737254e-04	2.333119912473706e+01	1.500000000000000e+01
3.905736862011106e-04	2.318342692240028e+01	1.500000000000000e+01
3.910059001271290e-04	2.250433925043163e+01	1.500000000000000e+01
3.914941813771290e-04	2.119334905353949e+01	1.500000000000000e+01
3.919824626271290e-04	1.942047384608330e+01	1.500000000000000e+01
3.924707438771290e-04	1.730685659716998e+01	1.500000000000000e+01
3.929590251271290e-04	1.501769456702688e+01	1.500000000000000e+01
3.934473063771290e-04	1.273153510313640e+01	1.500000000000000e+01
3.939355876271290e-04	1.062635016988719e+01	1.500000000000000e+01
3.944238688771290e-04	8.865682316886986e+00	1.500000000000000e+01
3.949121501271290e-04	7.585940486796176e+00	1.500000000000000e+01
3.954004313771290e-04	6.847369419369579e+00	1.500000000000000e+01
3.957730450378385e-04	6.725505394058287e+00	1.500000000000000e+01
3.962104604432705e-04	7.110147919772698e+00	1.500000000000000e+01
3.966987416932705e-04	8.096448463231177e+00	1.500000000000000e+01
3.971870229432705e-04	9.601697772747507e+00	1.500000000000000e+01
3.976753041932705e-04	1.152432522293669e+01	1.500000000000000e+01
3.981635854432705e-04	1.371385548996050e+01	1.500000000000000e+01
3.986518666932705e-04	1.599932276285241e+01	1.500000000000000e+01
3.991401479432705e-04	1.820261965306455e+01	1.500000000000000e+01
3.996284291932705e-04	2.015237653459405e+01	1.500000000000000e+01
4.001167104432705e-04	2.169728979194677e+01	1.500000000000000e+01
4.006049916932705e-04	2.271786242515785e+01	1.500000000000000e+01
4.010932729432705e-04	2.315403026627403e+01	1.500000000000000e+01
4.015254370706557e-04	2.300940054463055e+01	1.500000000000000e+01
4.019576509966740e-04	2.234475415366360e+01	1.500000000000000e+01
4.024459322466740e-04	2.106164309315554e+01	1.500000000000000e+01
4.029342134966740e-04	1.932646933443444e+01	1.500000000000000e+01
4.034224947466740e-04	1.725779965544602e+01	1.500000000000000e+01
4.039107759966740e-04	1.501731827950939e+01	1.500000000000000e+01
4.043990572466740e-04	1.277977561812434e+01	1.500000000000000e+01
4.048873384966740e-04	1.071935893562651e+01	1.500000000000000e+01
4.053756197466740e-04	8.996132933310303e+00	1.500000000000000e+01
4.058639009966740e-04	7.743605720919571e+00	1.500000000000000e+01
4.063521822466740e-04	7.020740891088491e+00	1.500000000000000e+01
4.067247959073836e-04	6.901468390709979e+00	1.500000000000000e+01
4.071622113128156e-04	7.277931220299451e+00	1.500000000000000e+01
4.076504925628156e-04	8.243257383147256e+00	1.500000000000000e+01
4.081387738128156e-04	9.716496498467500e+00	1.500000000000000e+01
4.086270550628156e-04	1.159823791226510e+01	1.500000000000000e+01
4.091153363128156e-04	1.374120626519101e+01	1.500000000000000e+01
4.096036175628156e-04	1.597807145550991e+01	1.500000000000000e+01
4.100918988128156e-04	1.813451367461780e+01	1.500000000000000e+01
4.105801800628156e-04	2.004280759315618e+01	1.500000000000000e+01
4.110684613128156e-04	2.155486717432962e+01	1.500000000000000e+01
4.115567425628156e-04	2.255373660663325e+01	1.500000000000000e+01
4.120450238128156e-04	2.298062902924717e+01	1.500000000000000e+01
4.124771879402008e-04	2.283907496121641e+01	1.500000000000000e+01
4.129094018662193e-04	2.218856274716775e+01	1.500000000000000e+01
4.133976831162193e-04	2.093273795343452e+01	1.500000000000000e+01
4.138859643662193e-04	1.923446389540031e+01	1.500000000000000e+01
4.143742456162193e-04	1.720978594438211e+01	1.500000000000000e+01
4.148625268662193e-04	1.501694999401227e+01	1.500000000000000e+01
4.153508081162193e-04	1.282699026434473e+01	1.500000000000000e+01
4.158390893662193e-04	1.081038980399313e+01	1.500000000000000e+01
4.163273706162193e-04	9.123809424849668e+00	1.500000000000000e+01
4.168156518662193e-04	7.897918092011113e+00	1.500000000000000e+01
4.173039331162193e-04	7.190425495493072e+00	1.500000000000000e+01
4.176765467769289e-04	7.073689409431424e+00	1.500000000000000e+01
4.181139621823609e-04	7.442146489935549e+00	1.500000000000000e+01
4.186022434323609e-04	8.386944307252971e+00	1.500000000000000e+01
4.190905246823609e-04	9.828853947860921e+00	1.500000000000000e+01
4.195788059323609e-04	1.167057879583047e+01	1.500000000000000e+01
4.200670871823609e-04	1.376797540678718e+01	1.500000000000000e+01
4.205553684323609e-04	1.595727207229146e+01	1.500000000000000e+01
4.210436496823609e-04	1.806785601810915e+01	1.500000000000000e+01
4.215319309323609e-04	1.993556871297320e+01	1.500000000000000e+01
4.220202121823609e-04	2.141547327469368e+01	1.500000000000000e+01
4.225084934323609e-04	2.239310104005069e+01	1.500000000000000e+01
4.229967746823609e-04	2.281091529251551e+01	1.500000000000000e+01
4.234289388097461e-04	2.267237147214155e+01	1.500000000000000e+01
4.238611527357646e-04	2.203569286171357e+01	1.500000000000000e+01
4.243494339857646e-04	2.080657407293832e+01	1.500000000000000e+01
4.248377152357646e-04	1.914441501728374e+01	1.500000000000000e+01
4.253259964857646e-04	1.716279327893821e+01	1.500000000000000e+01
4.258142777357646e-04	1.501658954036683e+01	1.500000000000000e+01
4.263025589857646e-04	1.287320085762454e+01	1.500000000000000e+01
4.267908402357646e-04	1.089948483637762e+01	1.500000000000000e+01
4.272791214857646e-04	9.248770785238468e+00	1.500000000000000e+01
4.277674027357646e-04	8.048948901081438e+00	1.500000000000000e+01
4.282556839857646e-04	7.356501636432114e+00	1.500000000000000e+01
4.286282976464741e-04	7.242248026038148e+00	1.500000000000000e+01
4.290657130519062e-04	7.602869605389719e+00	1.500000000000000e+01
4.295539943019062e-04	8.527575627004749e+00	1.500000000000000e+01
4.300422755519062e-04	9.938822036401220e+00	1.500000000000000e+01
4.305305568019062e-04	1.174138129919756e+01	1.500000000000000e+01
4.310188380519062e-04	1.379417528360068e+01	1.500000000000000e+01
4.315071193019062e-04	1.593691500270941e+01	1.500000000000000e+01
4.319954005519062e-04	1.800261588394429e+01	1.500000000000000e+01
4.324836818019062e-04	1.983061034363847e+01	1.500000000000000e+01
4.329719630519062e-04	2.127904368520127e+01	1.500000000000000e+01
4.334602443019062e-04	2.223588150272539e+01	1.500000000000000e+01
4.339485255519062e-04	2.264481063876809e+01	1.500000000000000e+01
4.343806896792914e-04	2.250921305099936e+01	1.500000000000000e+01
4.348129036053098e-04	2.188607386279995e+01	1.500000000000000e+01
4.353011848553099e-04	2.068309315684634e+01	1.500000000000000e+01
4.357894661053099e-04	1.905628109243088e+01	1.500000000000000e+01
4.362777473553099e-04	1.711679994585705e+01	1.500000000000000e+01
4.367660286053099e-04	1.501623675202525e+01	1.500000000000000e+01
4.372543098553099e-04	1.291842874986364e+01	1.500000000000000e+01
4.377425911053099e-04	1.098668519970684e+01	1.500000000000000e+01
4.382308723553099e-04	9.371074753667671e+00	1.500000000000000e+01
4.387191536053099e-04	8.196767932875231e+00	1.500000000000000e+01
4.392074348553099e-04	7.519046050440920e+00	1.500000000000000e+01
4.395800485160195e-04	7.407222124108652e+00	1.500000000000000e+01
4.400174639214515e-04	7.760174829797057e+00	1.500000000000000e+01
4.405057451714515e-04	8.665216321995672e+00	1.500000000000000e+01
4.409940264214515e-04	1.004645157554086e+01	1.500000000000000e+01
4.414823076714515e-04	1.181067813711179e+01	1.500000000000000e+01
4.419705889214515e-04	1.381981800145046e+01	1.500000000000000e+01
4.424588701714515e-04	1.591699084065040e+01	1.500000000000000e+01
4.429471514214515e-04	1.793876312750526e+01	1.500000000000000e+01
4.434354326714515e-04	1.972788398847165e+01	1.500000000000000e+01
4.439237139214515e-04	2.114551536769521e+01	1.500000000000000e+01
4.444119951714515e-04	2.208200535037296e+01	1.500000000000000e+01
4.449002764214515e-04	2.248223831829658e+01	1.500000000000000e+01
4.453324405488367e-04	2.234952430940756e+01	1.500000000000000e+01
4.457646544748552e-04	2.173963661801978e+01	1.500000000000000e+01
4.462529357248552e-04	2.056223815001706e+01	1.500000000000000e+01
4.467412169748552e-04	1.897002139800095e+01	1.500000000000000e+01
4.472294982248552e-04	1.707178469362543e+01	1.500000000000000e+01
4.477177794748552e-04	1.501589146597755e+01	1.500000000000000e+01
4.482060607248552e-04	1.296269483889480e+01	1.500000000000000e+01
4.486943419748552e-04	1.107203118546036e+01	1.500000000000000e+01
4.491826232248552e-04	9.490777841460652e+00	1.500000000000000e+01
4.496709044748552e-04	8.341443488113228e+00	1.500000000000000e+01
4.501591857248552e-04	7.678133842196877e+00	1.500000000000000e+01
4.505317993855648e-04	7.568687930971636e+00	1.500000000000000e+01
4.509692147909968e-04	7.914134847035048e+00	1.500000000000000e+01
4.514574960409968e-04	8.799929989983216e+00	1.500000000000000e+01
4.519457772909969e-04	1.015179229619248e+01	1.500000000000000e+01
4.524340585409969e-04	1.187850132861781e+01	1.500000000000000e+01
4.529223397909969e-04	1.384491540871776e+01	1.500000000000000e+01
4.534106210409969e-04	1.589749038002937e+01	1.500000000000000e+01
4.538989022909969e-04	1.787626824522092e+01	1.500000000000000e+01
4.543871835409969e-04	1.962734218210831e+01	1.500000000000000e+01
4.548754647909969e-04	2.101482662456865e+01	1.500000000000000e+01
4.553637460409969e-04	2.193140148354010e+01	1.500000000000000e+01
4.558520272909969e-04	2.232312321352729e+01	1.500000000000000e+01
4.562841914183820e-04	2.219323146216681e+01	1.500000000000000e+01
4.567164053444004e-04	2.159631346511085e+01	1.500000000000000e+01
4.572046865944004e-04	2.044395321062342e+01	1.500000000000000e+01
4.576929678444004e-04	1.888559607715150e+01	1.500000000000000e+01
4.581812490944004e-04	1.702772672265844e+01	1.500000000000000e+01
4.586695303444004e-04	1.501555352268164e+01	1.500000000000000e+01
4.591578115944004e-04	1.300601957814637e+01	1.500000000000000e+01
4.596460928444004e-04	1.115556222829493e+01	1.500000000000000e+01
4.601343740944004e-04	9.607935358192400e+00	1.500000000000000e+01
4.606226553444004e-04	8.483042415058407e+00	1.500000000000000e+01
4.611109365944004e-04	7.833838519228665e+00	1.500000000000000e+01
4.614835502551099e-04	7.726720052932215e+00	1.500000000000000e+01
4.619209656605420e-04	8.064820795309815e+00	1.500000000000000e+01
4.624092469105420e-04	8.931778876274452e+00	1.500000000000000e+01
4.628975281605420e-04	1.025489287170586e+01	1.500000000000000e+01
4.633858094105420e-04	1.194488221185258e+01	1.500000000000000e+01
4.638740906605420e-04	1.386947910181933e+01	1.500000000000000e+01
4.643623719105420e-04	1.587840461053470e+01	1.500000000000000e+01
4.648506531605420e-04	1.781510236093375e+01	1.500000000000000e+01
4.653389344105420e-04	1.952893846856772e+01	1.500000000000000e+01
4.658272156605420e-04	2.088691707025701e+01	1.500000000000000e+01
4.663154969105420e-04	2.178400031475266e+01	1.500000000000000e+01
4.668037781605420e-04	2.216739180431478e+01	1.500000000000000e+01
4.672359422879271e-04	2.204026229317518e+01	1.500000000000000e+01
4.676681562139455e-04	2.145603818070294e+01	1.500000000000000e+01
4.681564374639455e-04	2.032818368436258e+01	1.500000000000000e+01
4.686447187139455e-04	1.880296612063104e+01	1.500000000000000e+01
4.691329999639455e-04	1.698460567569363e+01	1.500000000000000e+01
4.696212812139455e-04	1.501522276598992e+01	1.500000000000000e+01
4.701095624639455e-04	1.304842298608883e+01	1.500000000000000e+01
4.705978437139455e-04	1.123731692425726e+01	1.500000000000000e+01
4.710861249639455e-04	9.722601437233960e+00	1.500000000000000e+01
4.715744062139455e-04	8.621630140389415e+00	1.500000000000000e+01
4.720626874639455e-04	7.986232025865941e+00	1.500000000000000e+01
4.724353011246550e-04	7.881391509731428e+00	1.500000000000000e+01
4.728727165300870e-04	8.212302300017456e+00	1.500000000000000e+01
4.733609977800870e-04	9.060823902482305e+00	1.500000000000000e+01
4.738492790300871e-04	1.035580094035470e+01	1.500000000000000e+01
4.743375602800871e-04	1.200985145852309e+01	1.500000000000000e+01
4.748258415300871e-04	1.389352043056433e+01	1.500000000000000e+01
4.753141227800871e-04	1.585972471346470e+01	1.500000000000000e+01
4.758024040300871e-04	1.775523721255841e+01	1.500000000000000e+01
4.762906852800871e-04	1.943262737978971e+01	1.500000000000000e+01
4.767789665300871e-04	2.076172760333958e+01	1.500000000000000e+01
4.772672477800871e-04	2.163973373636616e+01	1.500000000000000e+01
4.777555290300871e-04	2.201497213397457e+01	1.500000000000000e+01
4.781876931574722e-04	2.189054612205926e+01	1.500000000000000e+01
4.786199070834907e-04	2.131874594971270e+01	1.500000000000000e+01
4.791081883334907e-04	2.021487607919194e+01	1.500000000000000e+01
4.795964695834907e-04	1.872209334874527e+01	1.500000000000000e+01
4.800847508334907e-04	1.694240162837885e+01	1.500000000000000e+01
4.805730320834907e-04	1.501489904307507e+01	1.500000000000000e+01
4.810613133334907e-04	1.308992465548646e+01	1.500000000000000e+01
4.815495945834907e-04	1.131733304862359e+01	1.500000000000000e+01
4.820378758334907e-04	9.834829060774558e+00	1.500000000000000e+01
4.825261570834907e-04	8.757270699443563e+00	1.500000000000000e+01
4.830144383334907e-04	8.135384776494256e+00	1.500000000000000e+01
4.833870519942004e-04	8.032773768295348e+00	1.500000000000000e+01
4.838244673996325e-04	8.356647505920595e+00	1.500000000000000e+01
4.843127486496325e-04	9.187124694677745e+00	1.500000000000000e+01
4.848010298996325e-04	1.045456312735095e+01	1.500000000000000e+01
4.852893111496325e-04	1.207343908808148e+01	1.500000000000000e+01
4.857775923996325e-04	1.391705050340168e+01	1.500000000000000e+01
4.862658736496325e-04	1.584144205765572e+01	1.500000000000000e+01
4.867541548996325e-04	1.769664513902532e+01	1.500000000000000e+01
4.872424361496325e-04	1.933836441462729e+01	1.500000000000000e+01
4.877307173996325e-04	2.063920037923193e+01	1.500000000000000e+01
4.882189986496325e-04	2.149853508909595e+01	1.500000000000000e+01
4.887072798996325e-04	2.186579377603351e+01	1.500000000000000e+01
4.891394440270176e-04	2.174401377151267e+01	1.500000000000000e+01
4.895716579530360e-04	2.118437333539134e+01	1.500000000000000e+01
4.900599392030359e-04	2.010397804060905e+01	1.500000000000000e+01
4.905482204530359e-04	1.864294039371215e+01	1.500000000000000e+01
4.910365017030358e-04	1.690109508006245e+01	1.500000000000000e+01
4.915247829530358e-04	1.501458220435623e+01	1.500000000000000e+01
4.920130642030357e-04	1.313054376244761e+01	1.500000000000000e+01
4.925013454530356e-04	1.139564757335200e+01	1.500000000000000e+01
4.929896267030356e-04	9.944670084301281e+00	1.500000000000000e+01
4.934779079530355e-04	8.890026765804651e+00	1.500000000000000e+01
4.939661892030355e-04	8.281365688092409e+00	1.500000000000000e+01
4.943388028637451e-04	8.180936775761825e+00	1.500000000000000e+01
4.947762182691772e-04	8.497923108642160e+00	1.500000000000000e+01
4.952644995191771e-04	9.310739610947056e+00	1.500000000000000e+01
4.957527807691771e-04	1.055122506639253e+01	1.500000000000000e+01
4.962410620191770e-04	1.213567448159696e+01	1.500000000000000e+01
4.967293432691770e-04	1.394008019255096e+01	1.500000000000000e+01
4.972176245191769e-04	1.582354819548941e+01	1.500000000000000e+01
4.977059057691769e-04	1.763929906749267e+01	1.500000000000000e+01
4.981941870191768e-04	1.924610601827573e+01	1.500000000000000e+01
4.986824682691768e-04	2.051927878344836e+01	1.500000000000000e+01
4.991707495191767e-04	2.136033913120628e+01	1.500000000000000e+01
4.996590307691767e-04	2.174460039618531e+01	1.500000000000000e+01
5.000000000000000e-04	2.176605193671710e+01	1.500000000000000e+01
